\\\\\\\ 	 Серия 1	 \\\\\\\
НАПЫЛЕНИЕ
Температура после напыления: 130
Время напыления: 131.702
Число итераций напыления: 636638
ОТЖИГ:
Длины цепочек:
3 | 1 | 2 | 14 | 18 | 9 | 31 | 20 | 8 | 18 | 29 | 19 | 4 | 7 | 5 | 12 | 2 | 23 | 11 | 21 | 8 | 5 | 3 | 12 | 5 | 34 | 1 | 8 | 19 | 9 | 3 | 
Температура после отжига: 120
Время отжига: 1000.01
Число итераций отжига: 400561

\\\\\\\ 	 Серия 2	 \\\\\\\
НАПЫЛЕНИЕ
Температура после напыления: 130
Время напыления: 132.465
Число итераций напыления: 630822
ОТЖИГ:
Длины цепочек:
20 | 3 | 12 | 17 | 8 | 22 | 2 | 11 | 17 | 8 | 15 | 2 | 2 | 14 | 8 | 5 | 23 | 5 | 12 | 16 | 16 | 18 | 18 | 22 | 1 | 1 | 10 | 30 | 2 | 2 | 10 | 12 | 
Температура после отжига: 120
Время отжига: 1000.08
Число итераций отжига: 380073

\\\\\\\ 	 Серия 3	 \\\\\\\
НАПЫЛЕНИЕ
Температура после напыления: 130
Время напыления: 132.724
Число итераций напыления: 641299
ОТЖИГ:
Длины цепочек:
14 | 17 | 2 | 17 | 4 | 18 | 13 | 4 | 4 | 6 | 11 | 14 | 12 | 17 | 11 | 3 | 5 | 4 | 12 | 15 | 7 | 12 | 2 | 1 | 5 | 19 | 7 | 8 | 7 | 4 | 11 | 12 | 14 | 23 | 10 | 6 | 12 | 1 | 
Температура после отжига: 120
Время отжига: 1000
Число итераций отжига: 404934

\\\\\\\ 	 Серия 4	 \\\\\\\
НАПЫЛЕНИЕ
Температура после напыления: 130
Время напыления: 135.541
Число итераций напыления: 699383
ОТЖИГ:
Длины цепочек:
19 | 5 | 3 | 5 | 23 | 7 | 6 | 3 | 11 | 5 | 7 | 5 | 10 | 22 | 9 | 23 | 2 | 8 | 22 | 3 | 7 | 5 | 21 | 2 | 2 | 2 | 1 | 17 | 1 | 26 | 24 | 11 | 8 | 19 | 2 | 18
Температура после отжига: 120
Время отжига: 1000
Число итераций отжига: 389570

\\\\\\\ 	 Серия 5	 \\\\\\\
НАПЫЛЕНИЕ
Температура после напыления: 130
Время напыления: 130.46
Число итераций напыления: 628735
ОТЖИГ:
Длины цепочек:
11 | 6 | 8 | 29 | 12 | 3 | 6 | 16 | 24 | 15 | 11 | 21 | 3 | 6 | 17 | 12 | 17 | 7 | 4 | 4 | 16 | 20 | 16 | 1 | 12 | 10 | 16 | 5 | 3 | 3 | 7 | 3 | 3 | 2 | 15 | 
Температура после отжига: 120
Время отжига: 1000
Число итераций отжига: 403279

\\\\\\\ 	 Серия 6	 \\\\\\\
НАПЫЛЕНИЕ
Температура после напыления: 130
Время напыления: 138.355
Число итераций напыления: 641569
ОТЖИГ:
Длины цепочек:
22 | 10 | 6 | 1 | 8 | 16 | 17 | 3 | 7 | 2 | 15 | 12 | 5 | 17 | 13 | 21 | 25 | 12 | 23 | 1 | 12 | 14 | 23 | 2 | 7 | 29 | 4 | 9 | 5 | 17 | 6 | 
Температура после отжига: 120
Время отжига: 1000
Число итераций отжига: 416801

\\\\\\\ 	 Серия 7	 \\\\\\\
НАПЫЛЕНИЕ
Температура после напыления: 130
Время напыления: 127.662
Число итераций напыления: 628815
ОТЖИГ:
Длины цепочек:
12 | 7 | 17 | 1 | 9 | 14 | 8 | 22 | 25 | 12 | 5 | 15 | 5 | 20 | 2 | 5 | 6 | 14 | 23 | 3 | 18 | 3 | 11 | 7 | 8 | 3 | 17 | 1 | 19 | 3 | 14 | 29 | 6
Температура после отжига: 120
Время отжига: 1000.01
Число итераций отжига: 393627

\\\\\\\ 	 Серия 8	 \\\\\\\
НАПЫЛЕНИЕ
Температура после напыления: 130
Время напыления: 122.138
Число итераций напыления: 589675
ОТЖИГ:
Длины цепочек:
14 | 6 | 8 | 6 | 21 | 8 | 1 | 6 | 6 | 9 | 5 | 7 | 24 | 1 | 15 | 6 | 16 | 1 | 10 | 12 | 16 | 16 | 1 | 10 | 5 | 5 | 11 | 11 | 23 | 2 | 9 | 6 | 10 | 11 | 17 | 14 | 15
Температура после отжига: 120
Время отжига: 1000
Число итераций отжига: 425106

\\\\\\\ 	 Серия 9	 \\\\\\\
НАПЫЛЕНИЕ
Температура после напыления: 130
Время напыления: 130.106
Число итераций напыления: 680705
ОТЖИГ:
Длины цепочек:
14 | 6 | 14 | 2 | 7 | 19 | 20 | 3 | 9 | 11 | 19 | 9 | 6 | 14 | 1 | 21 | 6 | 13 | 7 | 6 | 5 | 21 | 1 | 4 | 13 | 17 | 2 | 15 | 22 | 5 | 3 | 20 | 9 | 14 | 6
Температура после отжига: 120
Время отжига: 1000
Число итераций отжига: 397273

\\\\\\\ 	 Серия 10	 \\\\\\\
НАПЫЛЕНИЕ
Температура после напыления: 130
Время напыления: 131.063
Число итераций напыления: 604219
ОТЖИГ:
Длины цепочек:
17 | 1 | 23 | 4 | 26 | 7 | 16 | 3 | 12 | 5 | 10 | 12 | 11 | 9 | 22 | 10 | 12 | 6 | 23 | 12 | 7 | 21 | 22 | 19 | 10 | 10 | 15 | 5 | 14 | 
Температура после отжига: 120
Время отжига: 1000.01
Число итераций отжига: 373533

Среднее число напыленных атомов: 364

(Длина, число отсчетов)
0 0
1 20
2 21
3 22
4 11
5 25
6 22
7 18
8 15
9 11
10 13
11 15
12 23
13 4
14 16
15 10
16 11
17 16
18 7
19 9
20 6
21 8
22 9
23 11
24 3
25 2
26 2
27 0
28 0
29 4
30 1
31 1
32 0
33 0
34 1
35 0
36 0
37 0
38 0
39 0
40 0
41 0
42 0
43 0
44 0
45 0
46 0
47 0
48 0
49 0
50 0
51 0
52 0
53 0
54 0
55 0
56 0
57 0
58 0
59 0
60 0
61 0
62 0
63 0
64 0
65 0
66 0
67 0
68 0
69 0
70 0
71 0
72 0
73 0
74 0
75 0
76 0
77 0
78 0
79 0
80 0
81 0
82 0
83 0
84 0
85 0
86 0
87 0
88 0
89 0
90 0
91 0
92 0
93 0
94 0
95 0
96 0
97 0
98 0
99 0
100 0
101 0
102 0
103 0
104 0
105 0
106 0
107 0
108 0
109 0
110 0
111 0
112 0
113 0
114 0
115 0
116 0
117 0
118 0
119 0
120 0
121 0
122 0
123 0
124 0
125 0
126 0
127 0
128 0
129 0
130 0
131 0
132 0
133 0
134 0
135 0
136 0
137 0
138 0
139 0
140 0
141 0
142 0
143 0
144 0
145 0
146 0
147 0
148 0
149 0
150 0
151 0
152 0
153 0
154 0
155 0
156 0
157 0
158 0
159 0
160 0
161 0
162 0
163 0
164 0
165 0
166 0
167 0
168 0
169 0
170 0
171 0
172 0
173 0
174 0
175 0
176 0
177 0
178 0
179 0
180 0
181 0
182 0
183 0
184 0
185 0
186 0
187 0
188 0
189 0
190 0
191 0
192 0
193 0
194 0
195 0
196 0
197 0
198 0
199 0
200 0
201 0
202 0
203 0
204 0
205 0
206 0
207 0
208 0
209 0
210 0
211 0
212 0
213 0
214 0
215 0
216 0
217 0
218 0
219 0
220 0
221 0
222 0
223 0
224 0
225 0
226 0
227 0
228 0
229 0
230 0
231 0
232 0
233 0
234 0
235 0
236 0
237 0
238 0
239 0
240 0
241 0
242 0
243 0
244 0
245 0
246 0
247 0
248 0
249 0
250 0
251 0
252 0
253 0
254 0
255 0
256 0
257 0
258 0
259 0
260 0
261 0
262 0
263 0
264 0
265 0
266 0
267 0
268 0
269 0
270 0
271 0
272 0
273 0
274 0
275 0
276 0
277 0
278 0
279 0
280 0
281 0
282 0
283 0
284 0
285 0
286 0
287 0
288 0
289 0
290 0
291 0
292 0
293 0
294 0
295 0
296 0
297 0
298 0
299 0
300 0
301 0
302 0
303 0
304 0
305 0
306 0
307 0
308 0
309 0
310 0
311 0
312 0
313 0
314 0
315 0
316 0
317 0
318 0
319 0
320 0
321 0
322 0
323 0
324 0
325 0
326 0
327 0
328 0
329 0
330 0
331 0
332 0
333 0
334 0
335 0
336 0
337 0
338 0
339 0
340 0
341 0
342 0
343 0
344 0
345 0
346 0
347 0
348 0
349 0
350 0
351 0
352 0
353 0
354 0
355 0
356 0
357 0
358 0
359 0
360 0
361 0
362 0
363 0
364 0
Время выполнения программы 252046 мс
-1
T1=130K T2=120K Exp=10
Адатомов: 364/100 Тау=10 секунд
Ср. вр. нап: 131.222сек
Ср. ч-ло ит. нап: 638186
Ср. т-ра после нап: 130K
Ср. вр. отжига: 1000.01cек
Ср. ч-ло ит. отжига: 398475
Ср. т-ра после отжига: 120
