0 130
9.41074e-05 130
0.000337462 129.998
0.000379386 129.998
0.00072548 129.996
0.000940894 129.995
0.000960971 129.995
0.000983066 129.995
0.00107072 129.995
0.00111678 129.994
0.00121499 129.994
0.00129602 129.994
0.00134879 129.993
0.00148302 129.993
0.00185573 129.991
0.00189229 129.991
0.00205056 129.99
0.00223454 129.989
0.0029224 129.985
0.00313696 129.984
0.00334144 129.983
0.00344547 129.983
0.00366624 129.982
0.00382071 129.981
0.00386981 129.981
0.00475677 129.976
0.0055737 129.972
0.00599127 129.97
0.00644042 129.968
0.00660768 129.967
0.0070631 129.965
0.00727728 129.964
0.00732716 129.963
0.00767824 129.962
0.00800913 129.96
0.0080474 129.96
0.00828984 129.959
0.0083717 129.958
0.00846963 129.958
0.00863687 129.957
0.00865149 129.957
0.00866461 129.957
0.00870822 129.956
0.00889523 129.956
0.0089679 129.955
0.00983815 129.951
0.0101603 129.949
0.0102407 129.949
0.0102923 129.949
0.0104331 129.948
0.0104933 129.948
0.0106031 129.947
0.0106834 129.947
0.0107903 129.946
0.0108567 129.946
0.0109718 129.945
0.0111437 129.944
0.0112095 129.944
0.0112469 129.944
0.0113282 129.943
0.0115084 129.942
0.0115882 129.942
0.0116875 129.942
0.0117081 129.941
0.0119291 129.94
0.0123807 129.938
0.0124551 129.938
0.0124707 129.938
0.0125399 129.937
0.0132425 129.934
0.013599 129.932
0.0137482 129.931
0.0138423 129.931
0.0138507 129.931
0.0138701 129.931
0.0140491 129.93
0.0141841 129.929
0.0144522 129.928
0.0146088 129.927
0.0147592 129.926
0.0149246 129.925
0.0150387 129.925
0.0151542 129.924
0.0153269 129.923
0.0153806 129.923
0.0155894 129.922
0.0156844 129.922
0.0160121 129.92
0.0161059 129.92
0.0169216 129.915
0.0170114 129.915
0.0173427 129.913
0.0174182 129.913
0.0175992 129.912
0.0176661 129.912
0.017732 129.911
0.0177452 129.911
0.0177945 129.911
0.017831 129.911
0.0179602 129.91
0.0180488 129.91
0.0183249 129.908
0.0185814 129.907
0.0187234 129.906
0.0188688 129.906
0.0189724 129.905
0.0191962 129.904
0.0193683 129.903
0.0194385 129.903
0.0199624 129.9
0.019966 129.9
0.0199687 129.9
0.0201287 129.899
0.0203022 129.899
0.0203373 129.898
0.0204061 129.898
0.0206575 129.897
0.0217458 129.891
0.022164 129.889
0.0225069 129.888
0.022623 129.887
0.0237901 129.881
0.0243864 129.878
0.0245025 129.878
0.0245973 129.877
0.0246513 129.877
0.024751 129.876
0.0248579 129.876
0.0255019 129.873
0.0256849 129.872
0.0258544 129.871
0.0259865 129.87
0.0260094 129.87
0.0261847 129.869
0.0265534 129.867
0.026737 129.866
0.0267914 129.866
0.0273607 129.863
0.0274003 129.863
0.0276083 129.862
0.0283132 129.859
0.0283825 129.858
0.0290833 129.855
0.0294111 129.853
0.0297974 129.851
0.0299159 129.851
0.0300037 129.85
0.0301523 129.849
0.0307235 129.847
0.0307536 129.846
0.0308045 129.846
0.0308515 129.846
0.0308949 129.846
0.0315145 129.843
0.0319688 129.84
0.0324754 129.838
0.0327114 129.837
0.0330051 129.835
0.0341361 129.83
0.0341426 129.83
0.0344903 129.828
0.0345752 129.827
0.0346402 129.827
0.0350724 129.825
0.0352178 129.824
0.0356742 129.822
0.0358372 129.821
0.0359856 129.82
0.0364546 129.818
0.0380523 129.81
0.0381768 129.809
0.0382977 129.809
0.0383652 129.809
0.0384065 129.808
0.0386284 129.807
0.0387751 129.806
0.0390475 129.805
0.0391547 129.805
0.0394851 129.803
0.039807 129.801
0.0399657 129.801
0.0400306 129.8
0.0402255 129.799
0.0403643 129.799
0.0407157 129.797
0.0411265 129.795
0.0413676 129.794
0.0415786 129.793
0.0418305 129.791
0.041841 129.791
0.0418936 129.791
0.0420916 129.79
0.0422267 129.789
0.0423817 129.789
0.0427192 129.787
0.0429411 129.786
0.0432104 129.784
0.0433352 129.784
0.0434732 129.783
0.0434861 129.783
0.0434975 129.783
0.0436108 129.782
0.043781 129.782
0.0441318 129.78
0.0442013 129.779
0.0442438 129.779
0.0443978 129.779
0.0446765 129.777
0.0448124 129.776
0.0452406 129.774
0.0453382 129.774
0.045642 129.772
0.0457776 129.772
0.046337 129.769
0.0465767 129.768
0.0467612 129.767
0.0472467 129.764
0.0473531 129.764
0.0474658 129.763
0.04759 129.763
0.0477752 129.762
0.0484898 129.758
0.0486796 129.757
0.0490977 129.755
0.0492696 129.754
0.0495573 129.753
0.0504748 129.748
0.0507434 129.747
0.0510009 129.746
0.0512769 129.744
0.0521902 129.74
0.0522268 129.74
0.0522874 129.739
0.0524721 129.738
0.0525833 129.738
0.0527429 129.737
0.0533854 129.734
0.0538312 129.732
0.0547028 129.727
0.0548216 129.727
0.055149 129.725
0.0552338 129.725
0.0557289 129.722
0.0566272 129.718
0.0566955 129.717
0.0567517 129.717
0.0575381 129.713
0.0576086 129.713
0.0581541 129.71
0.058211 129.71
0.0582669 129.71
0.0583397 129.709
0.0584074 129.709
0.0593378 129.704
0.0595249 129.703
0.0597451 129.702
0.0599168 129.701
0.0599847 129.701
0.0613133 129.694
0.0616604 129.693
0.062015 129.691
0.0622089 129.69
0.063197 129.685
0.0635893 129.683
0.0644188 129.679
0.0647781 129.677
0.0652444 129.675
0.065247 129.675
0.0658649 129.672
0.0659324 129.671
0.0660622 129.671
0.0660678 129.671
0.0664092 129.669
0.0665123 129.669
0.0665964 129.668
0.0667162 129.668
0.0676197 129.663
0.0679791 129.661
0.0680878 129.661
0.0693 129.655
0.0702066 129.65
0.0703572 129.649
0.0705225 129.649
0.0705562 129.648
0.0705572 129.648
0.0712944 129.645
0.0717227 129.643
0.0721751 129.64
0.0729273 129.637
0.0729966 129.636
0.0738874 129.632
0.0742018 129.63
0.0743151 129.63
0.0752352 129.625
0.075372 129.625
0.0753912 129.624
0.0755046 129.624
0.0759607 129.622
0.0772384 129.615
0.0774281 129.614
0.0775582 129.614
0.0776258 129.613
0.0776525 129.613
0.0777999 129.613
0.0781135 129.611
0.0789613 129.607
0.0790331 129.606
0.0790927 129.606
0.0792119 129.606
0.0795048 129.604
0.0803552 129.6
0.0808814 129.597
0.0812688 129.595
0.0815333 129.594
0.0816146 129.594
0.0817298 129.593
0.0818968 129.592
0.0821618 129.591
0.0821681 129.591
0.0824069 129.59
0.0827573 129.588
0.0828241 129.588
0.0836213 129.584
0.0838353 129.583
0.0839382 129.582
0.0840743 129.581
0.084308 129.58
0.0847757 129.578
0.0850984 129.576
0.0852553 129.576
0.0859661 129.572
0.0863164 129.57
0.0864694 129.57
0.0866117 129.569
0.0871723 129.566
0.0872709 129.566
0.0873404 129.565
0.0884121 129.56
0.088992 129.557
0.0891919 129.556
0.08931 129.555
0.0895459 129.554
0.0896207 129.554
0.0899732 129.552
0.0905897 129.549
0.0908541 129.548
0.091535 129.544
0.0918199 129.543
0.0919006 129.543
0.0922362 129.541
0.0922541 129.541
0.0927603 129.538
0.0928546 129.538
0.0933521 129.535
0.0946681 129.529
0.0947131 129.529
0.0947861 129.528
0.0953847 129.525
0.0954623 129.525
0.0955062 129.525
0.0959374 129.523
0.096462 129.52
0.0966074 129.519
0.096632 129.519
0.096956 129.518
0.0976416 129.514
0.0979876 129.512
0.0980584 129.512
0.0983169 129.511
0.0986063 129.509
0.0990113 129.507
0.0992707 129.506
0.0995047 129.505
0.0997672 129.504
0.0998324 129.503
0.100422 129.5
0.100556 129.5
0.100686 129.499
0.101115 129.497
0.101176 129.497
0.102076 129.492
0.102079 129.492
0.102301 129.491
0.102484 129.49
0.102607 129.49
0.102925 129.488
0.103031 129.487
0.103212 129.487
0.103317 129.486
0.103405 129.486
0.103621 129.485
0.103711 129.484
0.103829 129.484
0.104169 129.482
0.104337 129.481
0.104653 129.479
0.104719 129.479
0.104863 129.478
0.104931 129.478
0.104964 129.478
0.105039 129.478
0.105181 129.477
0.105824 129.474
0.105925 129.473
0.10675 129.469
0.106842 129.469
0.106972 129.468
0.107005 129.468
0.107285 129.466
0.107433 129.466
0.107782 129.464
0.108284 129.462
0.108445 129.461
0.108506 129.46
0.108515 129.46
0.108999 129.458
0.109441 129.456
0.109787 129.454
0.109805 129.454
0.109994 129.453
0.110263 129.452
0.110288 129.452
0.110592 129.45
0.111111 129.448
0.111139 129.447
0.11153 129.445
0.111607 129.445
0.111703 129.445
0.11172 129.445
0.111914 129.444
0.112151 129.442
0.112268 129.442
0.112377 129.441
0.112535 129.44
0.112552 129.44
0.112614 129.44
0.112696 129.44
0.113166 129.437
0.113607 129.435
0.114398 129.431
0.114768 129.429
0.115317 129.427
0.115426 129.426
0.116054 129.423
0.116134 129.423
0.116187 129.422
0.116271 129.422
0.116375 129.421
0.116791 129.419
0.11695 129.419
0.117027 129.418
0.117054 129.418
0.117231 129.417
0.117271 129.417
0.117395 129.416
0.117937 129.414
0.118059 129.413
0.118188 129.413
0.118411 129.411
0.118633 129.41
0.118673 129.41
0.118888 129.409
0.119368 129.407
0.119448 129.406
0.119878 129.404
0.119887 129.404
0.119968 129.404
0.11999 129.404
0.120104 129.403
0.120834 129.399
0.120869 129.399
0.120896 129.399
0.12098 129.399
0.121099 129.398
0.12141 129.397
0.121459 129.396
0.121577 129.396
0.121751 129.395
0.122211 129.393
0.12227 129.392
0.122375 129.392
0.122639 129.391
0.123566 129.386
0.124532 129.381
0.12485 129.38
0.125354 129.377
0.125367 129.377
0.125369 129.377
0.125635 129.376
0.125675 129.376
0.125823 129.375
0.125917 129.374
0.12603 129.374
0.126056 129.374
0.126587 129.371
0.127907 129.365
0.128164 129.363
0.128574 129.361
0.128645 129.361
0.128818 129.36
0.128881 129.36
0.129218 129.358
0.129342 129.357
0.130325 129.353
0.130406 129.352
0.130955 129.349
0.130976 129.349
0.131561 129.347
0.131584 129.346
0.131602 129.346
0.131858 129.345
0.132016 129.344
0.132623 129.341
0.13294 129.34
0.133038 129.339
0.133082 129.339
0.13316 129.339
0.133858 129.335
0.134004 129.334
0.134105 129.334
0.134389 129.333
0.134807 129.33
0.135619 129.326
0.13573 129.326
0.135951 129.325
0.136193 129.324
0.136222 129.324
0.13646 129.322
0.136486 129.322
0.1366 129.322
0.137021 129.32
0.138155 129.314
0.138338 129.313
0.138548 129.312
0.139155 129.309
0.139254 129.309
0.140243 129.304
0.140753 129.301
0.141018 129.3
0.141378 129.298
0.141537 129.297
0.141692 129.297
0.142139 129.294
0.142569 129.292
0.14314 129.289
0.143369 129.288
0.143497 129.288
0.143687 129.287
0.143765 129.286
0.144246 129.284
0.144477 129.283
0.144522 129.283
0.144619 129.282
0.144712 129.282
0.144968 129.28
0.145033 129.28
0.145331 129.279
0.145495 129.278
0.146378 129.273
0.146462 129.273
0.146749 129.272
0.148562 129.263
0.149113 129.26
0.149205 129.26
0.149699 129.257
0.150015 129.256
0.150527 129.253
0.150697 129.252
0.150979 129.251
0.151122 129.25
0.15139 129.249
0.152273 129.244
0.152641 129.243
0.152865 129.241
0.153087 129.24
0.153373 129.239
0.153571 129.238
0.154214 129.235
0.154339 129.234
0.155232 129.23
0.156001 129.226
0.156082 129.226
0.156304 129.225
0.15716 129.22
0.157736 129.218
0.158643 129.213
0.158685 129.213
0.158718 129.213
0.158733 129.213
0.158873 129.212
0.158904 129.212
0.159014 129.211
0.159781 129.207
0.159994 129.206
0.160057 129.206
0.160077 129.206
0.160164 129.206
0.160451 129.204
0.160749 129.203
0.160799 129.202
0.160985 129.202
0.160996 129.201
0.161006 129.201
0.161151 129.201
0.161184 129.201
0.16175 129.198
0.161769 129.198
0.161894 129.197
0.162369 129.195
0.162412 129.195
0.162436 129.194
0.162534 129.194
0.162588 129.194
0.16329 129.19
0.163636 129.188
0.163682 129.188
0.16378 129.188
0.164212 129.186
0.165005 129.182
0.165178 129.181
0.16521 129.181
0.165463 129.179
0.165675 129.178
0.165695 129.178
0.167162 129.171
0.167174 129.171
0.167585 129.169
0.168444 129.165
0.168733 129.163
0.169221 129.161
0.169427 129.16
0.170534 129.155
0.171266 129.151
0.172485 129.145
0.172789 129.143
0.173006 129.142
0.173969 129.138
0.174127 129.137
0.174287 129.136
0.174413 129.135
0.174869 129.133
0.174993 129.133
0.174993 129.133
0.175289 129.131
0.17538 129.131
0.175557 129.13
0.175829 129.129
0.176345 129.126
0.176568 129.125
0.177011 129.123
0.17708 129.122
0.177112 129.122
0.177172 129.122
0.177992 129.118
0.178103 129.117
0.17836 129.116
0.178616 129.115
0.178713 129.114
0.178839 129.114
0.179192 129.112
0.179566 129.11
0.179809 129.109
0.180674 129.105
0.180898 129.104
0.180924 129.104
0.18122 129.102
0.181232 129.102
0.18161 129.1
0.181643 129.1
0.181935 129.099
0.181953 129.098
0.182014 129.098
0.182314 129.097
0.182637 129.095
0.183292 129.092
0.183444 129.091
0.184143 129.088
0.184189 129.087
0.184389 129.087
0.184542 129.086
0.184747 129.085
0.185431 129.081
0.185918 129.079
0.186471 129.076
0.186974 129.074
0.187096 129.073
0.187117 129.073
0.187125 129.073
0.187291 129.072
0.187355 129.072
0.187588 129.071
0.187785 129.07
0.187809 129.07
0.188779 129.065
0.189498 129.061
0.189592 129.061
0.189664 129.061
0.189703 129.06
0.190487 129.057
0.190671 129.056
0.190699 129.056
0.190998 129.054
0.191467 129.052
0.191602 129.051
0.191975 129.049
0.192177 129.048
0.192264 129.048
0.19234 129.047
0.192679 129.046
0.192694 129.046
0.192834 129.045
0.192924 129.045
0.193039 129.044
0.193118 129.044
0.193551 129.042
0.193723 129.041
0.193874 129.04
0.19388 129.04
0.194362 129.038
0.194667 129.036
0.195094 129.034
0.195525 129.032
0.196061 129.029
0.196425 129.027
0.196435 129.027
0.197052 129.024
0.197063 129.024
0.197092 129.024
0.197394 129.023
0.198416 129.018
0.19853 129.017
0.198897 129.015
0.199559 129.012
0.200125 129.009
0.200146 129.009
0.200284 129.009
0.200289 129.009
0.200966 129.005
0.201403 129.003
0.201552 129.002
0.201622 129.002
0.201791 129.001
0.201954 129
0.202461 128.998
0.202483 128.998
0.202519 128.998
0.202531 128.998
0.202806 128.996
0.202957 128.995
0.203507 128.993
0.203773 128.991
0.204508 128.988
0.204682 128.987
0.204695 128.987
0.204978 128.986
0.205214 128.984
0.206867 128.976
0.206987 128.976
0.20708 128.975
0.207151 128.975
0.207451 128.973
0.207522 128.973
0.20775 128.972
0.207914 128.971
0.208502 128.968
0.208592 128.968
0.209063 128.966
0.209248 128.965
0.209411 128.964
0.20993 128.961
0.210331 128.959
0.210363 128.959
0.210897 128.957
0.210971 128.956
0.211158 128.955
0.211214 128.955
0.211451 128.954
0.211503 128.954
0.211818 128.952
0.211927 128.952
0.212036 128.951
0.212279 128.95
0.212305 128.95
0.212444 128.949
0.212931 128.947
0.21317 128.945
0.213463 128.944
0.213679 128.943
0.213687 128.943
0.214125 128.941
0.214189 128.94
0.214382 128.939
0.214649 128.938
0.214885 128.937
0.215322 128.935
0.21563 128.933
0.21564 128.933
0.215764 128.933
0.215895 128.932
0.216014 128.932
0.216283 128.93
0.216872 128.927
0.216964 128.927
0.21699 128.927
0.217163 128.926
0.217569 128.924
0.218047 128.922
0.21887 128.918
0.220154 128.911
0.220664 128.909
0.22094 128.907
0.221001 128.907
0.22142 128.905
0.222073 128.902
0.222357 128.9
0.222433 128.9
0.222619 128.899
0.223096 128.897
0.223119 128.897
0.223378 128.895
0.22368 128.894
0.223838 128.893
0.224263 128.891
0.22436 128.891
0.224442 128.89
0.224777 128.889
0.224815 128.888
0.224904 128.888
0.225475 128.885
0.225533 128.885
0.226054 128.882
0.226161 128.882
0.226217 128.882
0.227144 128.877
0.22748 128.875
0.227712 128.874
0.22784 128.874
0.22858 128.87
0.228643 128.87
0.228726 128.869
0.228796 128.869
0.229297 128.867
0.229942 128.863
0.229944 128.863
0.230188 128.862
0.230809 128.859
0.230973 128.858
0.231382 128.856
0.231884 128.854
0.231959 128.854
0.23227 128.852
0.232524 128.851
0.232594 128.85
0.232622 128.85
0.233146 128.848
0.233334 128.847
0.233539 128.846
0.233826 128.844
0.234731 128.84
0.234936 128.839
0.234955 128.839
0.234989 128.839
0.235116 128.838
0.235638 128.836
0.235842 128.835
0.235965 128.834
0.236184 128.833
0.236821 128.83
0.236904 128.829
0.237878 128.825
0.238598 128.821
0.238868 128.82
0.239022 128.819
0.239287 128.818
0.239423 128.817
0.239678 128.816
0.240386 128.812
0.240474 128.812
0.240505 128.812
0.240966 128.81
0.242425 128.802
0.242435 128.802
0.242482 128.802
0.242702 128.801
0.243569 128.797
0.243934 128.795
0.244917 128.79
0.244963 128.79
0.246349 128.783
0.247594 128.777
0.247842 128.776
0.247934 128.776
0.248086 128.775
0.248168 128.774
0.249149 128.77
0.249334 128.769
0.249726 128.767
0.250519 128.763
0.250593 128.763
0.250746 128.762
0.25102 128.761
0.251686 128.757
0.252104 128.755
0.25325 128.75
0.25335 128.749
0.253722 128.747
0.253729 128.747
0.25391 128.746
0.254279 128.745
0.254535 128.743
0.254566 128.743
0.255968 128.736
0.256356 128.735
0.257269 128.73
0.257521 128.729
0.257838 128.727
0.259967 128.717
0.260409 128.715
0.261909 128.707
0.262231 128.706
0.262651 128.704
0.263149 128.701
0.264059 128.697
0.264413 128.695
0.264829 128.693
0.266448 128.685
0.266485 128.685
0.266923 128.683
0.267976 128.678
0.268226 128.677
0.26932 128.671
0.269927 128.668
0.269932 128.668
0.27077 128.664
0.271508 128.661
0.271556 128.66
0.2716 128.66
0.271846 128.659
0.272471 128.656
0.272889 128.654
0.27321 128.652
0.274303 128.647
0.274643 128.645
0.274674 128.645
0.275866 128.64
0.275894 128.639
0.276124 128.638
0.276946 128.634
0.279165 128.623
0.279362 128.623
0.27983 128.62
0.280052 128.619
0.281084 128.614
0.281244 128.613
0.281375 128.613
0.281534 128.612
0.281558 128.612
0.281684 128.611
0.281924 128.61
0.282093 128.609
0.2821 128.609
0.28226 128.608
0.28254 128.607
0.283313 128.603
0.283328 128.603
0.283341 128.603
0.283437 128.603
0.283488 128.602
0.284079 128.6
0.285216 128.594
0.286181 128.589
0.286264 128.589
0.287674 128.582
0.287867 128.581
0.288025 128.58
0.288951 128.576
0.289134 128.575
0.289213 128.575
0.289213 128.575
0.289651 128.573
0.289658 128.572
0.290023 128.571
0.290056 128.571
0.290165 128.57
0.29077 128.567
0.290785 128.567
0.290832 128.567
0.291439 128.564
0.292725 128.558
0.293509 128.554
0.293519 128.554
0.293543 128.554
0.293832 128.552
0.294115 128.551
0.294275 128.55
0.294816 128.547
0.295005 128.547
0.295309 128.545
0.295357 128.545
0.295497 128.544
0.295628 128.543
0.295701 128.543
0.295703 128.543
0.2958 128.543
0.295993 128.542
0.297325 128.535
0.297481 128.535
0.298436 128.53
0.298513 128.529
0.298672 128.529
0.29918 128.526
0.299237 128.526
0.299539 128.525
0.299572 128.524
0.30004 128.522
0.300068 128.522
0.300142 128.522
0.300376 128.52
0.300689 128.519
0.300717 128.519
0.301007 128.517
0.301222 128.516
0.301287 128.516
0.30144 128.515
0.301606 128.514
0.302085 128.512
0.302326 128.511
0.30252 128.51
0.302746 128.509
0.302951 128.508
0.303089 128.507
0.303246 128.507
0.303828 128.504
0.303923 128.503
0.304061 128.503
0.304078 128.502
0.304162 128.502
0.304401 128.501
0.304605 128.5
0.304669 128.5
0.304693 128.5
0.304819 128.499
0.306077 128.493
0.306209 128.492
0.306797 128.489
0.30713 128.488
0.307346 128.487
0.307743 128.485
0.307984 128.484
0.308134 128.483
0.3086 128.481
0.309172 128.478
0.309839 128.475
0.310147 128.473
0.310313 128.472
0.310356 128.472
0.310841 128.47
0.310979 128.469
0.311472 128.467
0.311636 128.466
0.311647 128.466
0.312984 128.459
0.313009 128.459
0.313129 128.459
0.313225 128.458
0.313303 128.458
0.313625 128.456
0.313654 128.456
0.315739 128.446
0.31585 128.445
0.3164 128.443
0.316421 128.443
0.316439 128.443
0.316589 128.442
0.316625 128.442
0.316944 128.44
0.317079 128.439
0.317254 128.439
0.317346 128.438
0.317637 128.437
0.318299 128.434
0.318766 128.431
0.318785 128.431
0.318985 128.43
0.319216 128.429
0.319589 128.427
0.320449 128.423
0.320841 128.421
0.321503 128.418
0.321736 128.417
0.322343 128.414
0.322368 128.414
0.322517 128.413
0.322522 128.413
0.322559 128.413
0.322695 128.412
0.322874 128.411
0.323961 128.406
0.324005 128.406
0.324114 128.405
0.324842 128.402
0.325334 128.4
0.325796 128.397
0.325985 128.396
0.326427 128.394
0.326436 128.394
0.326505 128.394
0.326782 128.392
0.327828 128.387
0.328255 128.385
0.328415 128.385
0.328506 128.384
0.328702 128.383
0.329526 128.379
0.32968 128.378
0.329863 128.378
0.33103 128.372
0.331179 128.371
0.331504 128.37
0.331648 128.369
0.33191 128.368
0.331981 128.367
0.331997 128.367
0.332431 128.365
0.33254 128.365
0.333429 128.36
0.334009 128.358
0.334096 128.357
0.334504 128.355
0.335245 128.352
0.335604 128.35
0.335787 128.349
0.336328 128.346
0.336903 128.344
0.338485 128.336
0.338497 128.336
0.338871 128.334
0.339306 128.332
0.339316 128.332
0.339375 128.332
0.339848 128.329
0.339939 128.329
0.340078 128.328
0.340291 128.327
0.341089 128.323
0.341302 128.322
0.341643 128.321
0.341886 128.319
0.341929 128.319
0.342267 128.318
0.343931 128.31
0.3448 128.305
0.344914 128.305
0.345574 128.302
0.345624 128.301
0.346729 128.296
0.346859 128.295
0.347257 128.294
0.348832 128.286
0.349808 128.281
0.350454 128.278
0.350795 128.276
0.350848 128.276
0.350951 128.276
0.351386 128.274
0.351513 128.273
0.352016 128.271
0.352359 128.269
0.352781 128.267
0.353068 128.265
0.353415 128.264
0.354033 128.261
0.35621 128.25
0.35776 128.243
0.357899 128.242
0.358466 128.239
0.359492 128.234
0.35957 128.234
0.360729 128.228
0.360745 128.228
0.361125 128.227
0.361171 128.226
0.361184 128.226
0.361492 128.225
0.36301 128.217
0.363236 128.216
0.363727 128.214
0.363727 128.214
0.364581 128.21
0.364743 128.209
0.365294 128.206
0.366252 128.202
0.366896 128.199
0.3671 128.198
0.367294 128.197
0.367409 128.196
0.36749 128.196
0.367497 128.196
0.367578 128.195
0.367776 128.195
0.367973 128.194
0.368026 128.193
0.36821 128.192
0.368223 128.192
0.369151 128.188
0.369333 128.187
0.369509 128.186
0.369772 128.185
0.369795 128.185
0.370359 128.182
0.370567 128.181
0.370768 128.18
0.370817 128.18
0.370902 128.179
0.37134 128.177
0.371968 128.174
0.372485 128.172
0.372596 128.171
0.372756 128.171
0.372817 128.17
0.373095 128.169
0.373147 128.169
0.373192 128.168
0.373413 128.167
0.373857 128.165
0.374005 128.165
0.374014 128.164
0.374652 128.161
0.375327 128.158
0.375711 128.156
0.37582 128.156
0.376913 128.151
0.377183 128.149
0.377247 128.149
0.377694 128.147
0.37831 128.144
0.378454 128.143
0.378478 128.143
0.378553 128.143
0.378879 128.141
0.379235 128.139
0.379489 128.138
0.379535 128.138
0.379825 128.136
0.380023 128.136
0.380183 128.135
0.380519 128.133
0.38061 128.133
0.381896 128.127
0.382174 128.125
0.382667 128.123
0.382736 128.122
0.382844 128.122
0.382971 128.121
0.383076 128.121
0.383109 128.121
0.383547 128.119
0.383866 128.117
0.384052 128.116
0.384147 128.116
0.384193 128.115
0.384444 128.114
0.384473 128.114
0.384573 128.114
0.384595 128.114
0.385023 128.111
0.385044 128.111
0.385236 128.11
0.385243 128.11
0.385267 128.11
0.385697 128.108
0.385888 128.107
0.386322 128.105
0.386542 128.104
0.386595 128.104
0.386901 128.102
0.386955 128.102
0.387363 128.1
0.387721 128.098
0.387794 128.098
0.388003 128.097
0.388132 128.097
0.388271 128.096
0.388304 128.096
0.388369 128.095
0.388634 128.094
0.389363 128.091
0.389946 128.088
0.39018 128.087
0.390911 128.083
0.391389 128.081
0.391607 128.08
0.391693 128.079
0.391707 128.079
0.391752 128.079
0.392005 128.078
0.392461 128.076
0.392799 128.074
0.393147 128.072
0.393183 128.072
0.394291 128.067
0.394316 128.067
0.394744 128.065
0.395994 128.059
0.396009 128.059
0.396466 128.056
0.397458 128.052
0.39788 128.05
0.397954 128.049
0.398234 128.048
0.398268 128.048
0.398392 128.047
0.398874 128.045
0.400247 128.038
0.401404 128.033
0.401789 128.031
0.401793 128.031
0.402072 128.03
0.402323 128.028
0.40251 128.027
0.40262 128.027
0.402957 128.025
0.403695 128.022
0.403713 128.022
0.404413 128.018
0.404999 128.015
0.40542 128.013
0.406443 128.009
0.406663 128.007
0.407229 128.005
0.407975 128.001
0.408653 127.998
0.408857 127.997
0.408903 127.997
0.409649 127.993
0.409663 127.993
0.409755 127.993
0.409871 127.992
0.410012 127.991
0.410123 127.991
0.410694 127.988
0.411412 127.985
0.412291 127.98
0.412739 127.978
0.41296 127.977
0.413171 127.976
0.414019 127.972
0.41467 127.969
0.414793 127.968
0.415515 127.965
0.415926 127.963
0.416418 127.961
0.417287 127.956
0.417533 127.955
0.418591 127.95
0.418629 127.95
0.418687 127.95
0.418815 127.949
0.418944 127.949
0.419396 127.946
0.420661 127.94
0.422224 127.933
0.423186 127.928
0.423599 127.926
0.424194 127.923
0.42499 127.92
0.425749 127.916
0.426768 127.911
0.427662 127.907
0.42787 127.906
0.428369 127.903
0.428769 127.901
0.429757 127.897
0.42979 127.897
0.430031 127.895
0.430061 127.895
0.430082 127.895
0.430087 127.895
0.431615 127.888
0.431768 127.887
0.432229 127.885
0.433479 127.879
0.434021 127.876
0.434246 127.875
0.43463 127.873
0.4354 127.87
0.435977 127.867
0.436015 127.867
0.43698 127.862
0.437822 127.858
0.437917 127.858
0.437954 127.857
0.438218 127.856
0.438521 127.855
0.438749 127.854
0.439842 127.848
0.440145 127.847
0.440343 127.846
0.440896 127.843
0.441559 127.84
0.44158 127.84
0.443125 127.833
0.443396 127.831
0.443473 127.831
0.443576 127.831
0.44375 127.83
0.444241 127.827
0.444935 127.824
0.445289 127.822
0.446064 127.819
0.446541 127.816
0.446751 127.815
0.446987 127.814
0.447443 127.812
0.447692 127.811
0.448023 127.809
0.448063 127.809
0.448259 127.808
0.448424 127.807
0.448438 127.807
0.448537 127.807
0.448633 127.806
0.448663 127.806
0.448751 127.806
0.448999 127.805
0.44989 127.8
0.450095 127.799
0.450437 127.798
0.450857 127.796
0.450979 127.795
0.453192 127.785
0.453421 127.784
0.453531 127.783
0.453854 127.781
0.454168 127.78
0.454419 127.779
0.45476 127.777
0.454845 127.777
0.456532 127.769
0.456752 127.768
0.456837 127.767
0.45691 127.767
0.457361 127.765
0.457666 127.763
0.457992 127.762
0.458241 127.76
0.458345 127.76
0.458953 127.757
0.459451 127.755
0.460078 127.752
0.460786 127.748
0.461028 127.747
0.461915 127.743
0.462338 127.741
0.462377 127.741
0.462627 127.74
0.462737 127.739
0.46291 127.738
0.463178 127.737
0.463219 127.737
0.464148 127.732
0.464669 127.73
0.465205 127.727
0.465367 127.726
0.465628 127.725
0.465752 127.725
0.466047 127.723
0.466748 127.72
0.466943 127.719
0.467192 127.718
0.467352 127.717
0.467493 127.716
0.468734 127.71
0.468759 127.71
0.46904 127.709
0.469068 127.709
0.46932 127.708
0.469438 127.707
0.470351 127.703
0.470503 127.702
0.470597 127.702
0.470887 127.7
0.470944 127.7
0.471155 127.699
0.471187 127.699
0.47214 127.694
0.47301 127.69
0.473777 127.686
0.473941 127.686
0.474522 127.683
0.474538 127.683
0.474663 127.682
0.47477 127.682
0.474946 127.681
0.475226 127.679
0.475329 127.679
0.475495 127.678
0.475953 127.676
0.47615 127.675
0.476167 127.675
0.47664 127.673
0.477309 127.67
0.477382 127.669
0.47742 127.669
0.477519 127.669
0.478585 127.663
0.480092 127.656
0.480457 127.655
0.481118 127.651
0.481336 127.65
0.481779 127.648
0.482145 127.646
0.482957 127.643
0.484875 127.633
0.484895 127.633
0.48516 127.632
0.485365 127.631
0.485446 127.631
0.485844 127.629
0.486426 127.626
0.487362 127.622
0.487395 127.621
0.48753 127.621
0.48783 127.619
0.487935 127.619
0.488039 127.618
0.488166 127.618
0.488481 127.616
0.489156 127.613
0.489829 127.61
0.490192 127.608
0.490467 127.607
0.491288 127.603
0.493699 127.591
0.493919 127.59
0.495885 127.581
0.496854 127.576
0.497461 127.574
0.497744 127.572
0.497799 127.572
0.498782 127.567
0.499291 127.565
0.499401 127.564
0.499752 127.563
0.499882 127.562
0.501119 127.556
0.502175 127.551
0.502607 127.549
0.502763 127.548
0.502955 127.547
0.50296 127.547
0.503103 127.547
0.503483 127.545
0.503492 127.545
0.503836 127.543
0.50454 127.54
0.506999 127.528
0.507013 127.528
0.507861 127.524
0.509874 127.515
0.513099 127.499
0.513954 127.495
0.514542 127.492
0.514842 127.491
0.515239 127.489
0.515553 127.488
0.515601 127.487
0.51589 127.486
0.515898 127.486
0.516183 127.485
0.516532 127.483
0.516757 127.482
0.516961 127.481
0.517048 127.48
0.517971 127.476
0.519758 127.468
0.520593 127.464
0.521227 127.461
0.521259 127.46
0.52129 127.46
0.5213 127.46
0.521412 127.46
0.521462 127.46
0.521872 127.458
0.522028 127.457
0.522413 127.455
0.522501 127.455
0.522676 127.454
0.524265 127.446
0.524939 127.443
0.525498 127.44
0.526592 127.435
0.526866 127.434
0.5271 127.433
0.527886 127.429
0.528687 127.425
0.529212 127.423
0.52993 127.419
0.530523 127.417
0.530706 127.416
0.531928 127.41
0.532632 127.407
0.53351 127.402
0.5339 127.401
0.534757 127.396
0.534852 127.396
0.535182 127.394
0.536324 127.389
0.536461 127.388
0.536524 127.388
0.536598 127.388
0.536754 127.387
0.536804 127.387
0.536841 127.387
0.537313 127.384
0.537348 127.384
0.537428 127.384
0.537436 127.384
0.537799 127.382
0.537939 127.381
0.538129 127.38
0.538185 127.38
0.538792 127.377
0.538869 127.377
0.539073 127.376
0.539584 127.374
0.539902 127.372
0.53991 127.372
0.540842 127.368
0.541439 127.365
0.541572 127.364
0.542039 127.362
0.542584 127.359
0.543047 127.357
0.543125 127.357
0.543265 127.356
0.54327 127.356
0.544503 127.35
0.544716 127.349
0.545865 127.344
0.546662 127.34
0.546964 127.339
0.547613 127.336
0.548064 127.333
0.548143 127.333
0.548938 127.329
0.549642 127.326
0.550349 127.323
0.551284 127.318
0.55233 127.313
0.55241 127.313
0.55332 127.309
0.55425 127.304
0.554432 127.303
0.554501 127.303
0.554627 127.302
0.556691 127.293
0.559436 127.28
0.559964 127.277
0.560394 127.275
0.561537 127.27
0.563576 127.26
0.566846 127.245
0.566963 127.244
0.567426 127.242
0.567435 127.242
0.569659 127.231
0.57098 127.225
0.571345 127.223
0.57172 127.222
0.572044 127.22
0.57208 127.22
0.572243 127.219
0.572696 127.217
0.572715 127.217
0.572767 127.217
0.573513 127.213
0.574234 127.21
0.574653 127.208
0.577246 127.195
0.577458 127.194
0.577644 127.194
0.577769 127.193
0.580747 127.179
0.580782 127.179
0.581455 127.176
0.581531 127.175
0.582221 127.172
0.582802 127.169
0.583524 127.166
0.584818 127.16
0.587108 127.149
0.587601 127.147
0.587857 127.145
0.591299 127.129
0.591428 127.129
0.592341 127.124
0.593129 127.121
0.59467 127.113
0.59523 127.111
0.595755 127.108
0.596807 127.103
0.597135 127.102
0.601666 127.08
0.603832 127.07
0.605062 127.064
0.607292 127.054
0.607404 127.053
0.607952 127.051
0.609845 127.042
0.609923 127.042
0.611907 127.032
0.612219 127.031
0.612235 127.031
0.612254 127.031
0.612306 127.03
0.614668 127.019
0.61516 127.017
0.616858 127.009
0.619229 126.998
0.619397 126.997
0.620337 126.993
0.620551 126.992
0.620821 126.99
0.622046 126.985
0.624658 126.972
0.624872 126.971
0.626955 126.961
0.627563 126.959
0.629769 126.948
0.629896 126.948
0.630928 126.943
0.632115 126.937
0.633604 126.93
0.6351 126.923
0.635932 126.919
0.636349 126.917
0.637367 126.913
0.637566 126.912
0.641814 126.892
0.643244 126.885
0.643431 126.884
0.643439 126.884
0.644136 126.881
0.646407 126.87
0.646451 126.87
0.650467 126.851
0.650475 126.851
0.650956 126.849
0.651458 126.847
0.653946 126.835
0.653957 126.835
0.654392 126.833
0.654464 126.832
0.655433 126.828
0.655457 126.828
0.655834 126.826
0.657364 126.819
0.657842 126.817
0.658538 126.813
0.658858 126.812
0.65987 126.807
0.663154 126.792
0.665635 126.78
0.668016 126.769
0.670185 126.759
0.670462 126.758
0.672041 126.75
0.673695 126.742
0.674391 126.739
0.674472 126.739
0.676887 126.728
0.677378 126.725
0.677617 126.724
0.677873 126.723
0.67915 126.717
0.681318 126.707
0.682141 126.703
0.682614 126.701
0.682802 126.7
0.683047 126.699
0.683792 126.695
0.684154 126.694
0.684212 126.693
0.684713 126.691
0.685168 126.689
0.685277 126.688
0.687404 126.678
0.687463 126.678
0.687675 126.677
0.690346 126.665
0.691076 126.661
0.691257 126.66
0.691756 126.658
0.692258 126.656
0.692606 126.654
0.693244 126.651
0.693806 126.649
0.693868 126.648
0.694375 126.646
0.69478 126.644
0.695486 126.641
0.696143 126.638
0.696231 126.637
0.696356 126.637
0.696413 126.636
0.696542 126.636
0.697595 126.631
0.699406 126.622
0.700964 126.615
0.702011 126.61
0.702683 126.607
0.702973 126.606
0.703595 126.603
0.704414 126.599
0.707308 126.586
0.707776 126.583
0.708224 126.581
0.709011 126.578
0.710043 126.573
0.710196 126.572
0.710357 126.571
0.710974 126.569
0.711139 126.568
0.713891 126.555
0.714092 126.554
0.71488 126.55
0.716555 126.543
0.716566 126.543
0.716711 126.542
0.717319 126.539
0.717731 126.537
0.717825 126.537
0.720371 126.525
0.7208 126.523
0.721019 126.522
0.721964 126.517
0.724227 126.507
0.724587 126.505
0.72496 126.503
0.725231 126.502
0.725979 126.499
0.726384 126.497
0.726818 126.495
0.72698 126.494
0.727372 126.492
0.728536 126.487
0.728584 126.487
0.728954 126.485
0.728998 126.485
0.729514 126.482
0.729577 126.482
0.729709 126.481
0.730284 126.479
0.730691 126.477
0.731582 126.473
0.731837 126.472
0.732554 126.468
0.733454 126.464
0.733889 126.462
0.734006 126.461
0.734131 126.461
0.736702 126.449
0.736926 126.448
0.73858 126.44
0.738657 126.44
0.740152 126.433
0.741662 126.426
0.746921 126.401
0.747695 126.398
0.748038 126.396
0.749738 126.388
0.750359 126.386
0.75055 126.385
0.751029 126.382
0.752361 126.376
0.755385 126.362
0.756408 126.357
0.757225 126.354
0.757502 126.352
0.757808 126.351
0.757905 126.351
0.75813 126.349
0.758588 126.347
0.762454 126.329
0.763268 126.326
0.764179 126.321
0.765047 126.317
0.766369 126.311
0.773055 126.28
0.773749 126.277
0.77465 126.273
0.775038 126.271
0.776172 126.266
0.776855 126.263
0.777479 126.26
0.777687 126.259
0.77819 126.257
0.778648 126.254
0.779869 126.249
0.780526 126.246
0.781339 126.242
0.783119 126.234
0.783395 126.233
0.784734 126.226
0.786223 126.219
0.786656 126.217
0.788439 126.209
0.788697 126.208
0.789986 126.202
0.790607 126.199
0.791492 126.195
0.792067 126.192
0.792292 126.191
0.793194 126.187
0.793347 126.187
0.794731 126.18
0.795742 126.175
0.797131 126.169
0.798639 126.162
0.798819 126.161
0.799293 126.159
0.800205 126.155
0.801384 126.149
0.801938 126.147
0.802018 126.147
0.802238 126.145
0.802746 126.143
0.802948 126.142
0.804153 126.137
0.807266 126.122
0.807667 126.12
0.807831 126.12
0.809079 126.114
0.809298 126.113
0.810787 126.106
0.812399 126.099
0.813223 126.095
0.815261 126.085
0.818673 126.07
0.818808 126.069
0.818872 126.069
0.820407 126.062
0.820662 126.061
0.824191 126.044
0.825217 126.04
0.825353 126.039
0.833268 126.003
0.835707 125.991
0.835741 125.991
0.838679 125.978
0.839902 125.972
0.842877 125.958
0.843363 125.956
0.845212 125.948
0.845847 125.945
0.848626 125.932
0.848815 125.931
0.848845 125.931
0.848944 125.93
0.851706 125.918
0.852879 125.912
0.853247 125.911
0.853636 125.909
0.853664 125.909
0.854697 125.904
0.855202 125.902
0.858164 125.888
0.85997 125.88
0.862997 125.866
0.864809 125.858
0.869161 125.838
0.869212 125.837
0.871268 125.828
0.872468 125.823
0.873493 125.818
0.874429 125.814
0.875664 125.808
0.8783 125.796
0.878558 125.795
0.878916 125.793
0.880088 125.788
0.88072 125.785
0.882071 125.779
0.883096 125.774
0.883675 125.771
0.883713 125.771
0.884481 125.768
0.886498 125.758
0.886559 125.758
0.886953 125.756
0.887783 125.752
0.889437 125.745
0.889727 125.744
0.890152 125.742
0.890639 125.739
0.891339 125.736
0.891649 125.735
0.892678 125.73
0.892952 125.729
0.894147 125.723
0.895517 125.717
0.896061 125.715
0.901417 125.69
0.9016 125.689
0.902014 125.687
0.902728 125.684
0.90633 125.668
0.9072 125.664
0.907226 125.664
0.907498 125.662
0.908544 125.658
0.908977 125.656
0.90919 125.655
0.909351 125.654
0.909599 125.653
0.909622 125.653
0.910172 125.65
0.911114 125.646
0.911155 125.646
0.911603 125.644
0.91162 125.643
0.911839 125.642
0.911876 125.642
0.913643 125.634
0.914017 125.633
0.914694 125.629
0.917397 125.617
0.917919 125.615
0.920097 125.605
0.920849 125.601
0.921577 125.598
0.92242 125.594
0.923674 125.589
0.92424 125.586
0.924844 125.583
0.924901 125.583
0.924998 125.582
0.927224 125.572
0.927441 125.571
0.927864 125.569
0.927904 125.569
0.928197 125.568
0.928823 125.565
0.929585 125.562
0.930828 125.556
0.933397 125.544
0.933665 125.543
0.936953 125.528
0.937159 125.527
0.939517 125.516
0.939558 125.516
0.944455 125.494
0.950902 125.465
0.953261 125.454
0.955615 125.443
0.95857 125.43
0.961003 125.419
0.961163 125.418
0.961898 125.415
0.962476 125.412
0.965037 125.4
0.967381 125.39
0.968646 125.384
0.969413 125.38
0.969526 125.38
0.969932 125.378
0.970288 125.376
0.973192 125.363
0.974776 125.356
0.975842 125.351
0.978352 125.34
0.978773 125.338
0.97899 125.337
0.979551 125.334
0.980504 125.33
0.980768 125.329
0.980868 125.329
0.982168 125.323
0.982416 125.321
0.983069 125.319
0.985854 125.306
0.98613 125.305
0.986174 125.304
0.986237 125.304
0.986549 125.303
0.987995 125.296
0.988097 125.296
0.990372 125.285
0.991599 125.28
0.993627 125.271
0.993825 125.27
0.995187 125.264
0.995877 125.261
0.996034 125.26
0.99636 125.258
0.998337 125.249
0.998492 125.249
0.998769 125.247
1.00097 125.238
1.00343 125.226
1.0057 125.216
1.0059 125.215
1.00674 125.211
1.00733 125.209
1.00794 125.206
1.00945 125.199
1.00964 125.198
1.01026 125.195
1.01277 125.184
1.01443 125.177
1.01522 125.173
1.01636 125.168
1.01763 125.162
1.01812 125.16
1.01843 125.159
1.01858 125.158
1.01961 125.153
1.02029 125.15
1.02065 125.149
1.02073 125.148
1.02107 125.147
1.02112 125.146
1.02242 125.141
1.02301 125.138
1.02309 125.138
1.02386 125.134
1.02389 125.134
1.02392 125.134
1.02431 125.132
1.02454 125.131
1.02455 125.131
1.02484 125.13
1.02526 125.128
1.02562 125.126
1.02622 125.123
1.02628 125.123
1.02641 125.123
1.02655 125.122
1.02819 125.115
1.02893 125.111
1.02925 125.11
1.02974 125.108
1.02981 125.107
1.02988 125.107
1.02995 125.107
1.0301 125.106
1.03033 125.105
1.03038 125.105
1.03134 125.1
1.03141 125.1
1.03144 125.1
1.0318 125.098
1.03247 125.095
1.03269 125.094
1.03622 125.078
1.03669 125.076
1.03717 125.074
1.03749 125.073
1.038 125.07
1.03826 125.069
1.03851 125.068
1.03873 125.067
1.0389 125.066
1.03896 125.066
1.0416 125.054
1.04345 125.046
1.04358 125.045
1.04423 125.042
1.04425 125.042
1.04552 125.036
1.04587 125.035
1.04594 125.034
1.04598 125.034
1.04611 125.034
1.04766 125.027
1.04826 125.024
1.05095 125.012
1.05102 125.012
1.05222 125.006
1.05241 125.005
1.05282 125.004
1.05301 125.003
1.05319 125.002
1.05429 124.997
1.05488 124.994
1.05658 124.987
1.05718 124.984
1.05771 124.982
1.05807 124.98
1.05807 124.98
1.05937 124.974
1.05969 124.973
1.0601 124.971
1.06017 124.97
1.06043 124.969
1.06151 124.964
1.06193 124.963
1.06256 124.96
1.06297 124.958
1.06311 124.957
1.06639 124.942
1.07054 124.924
1.07057 124.924
1.07593 124.9
1.07756 124.892
1.07897 124.886
1.08045 124.879
1.08075 124.878
1.08187 124.873
1.08267 124.869
1.08346 124.866
1.08365 124.865
1.08474 124.86
1.08508 124.859
1.08557 124.856
1.08589 124.855
1.08636 124.853
1.08713 124.849
1.08732 124.849
1.08825 124.844
1.08834 124.844
1.0892 124.84
1.08945 124.839
1.08974 124.838
1.0922 124.827
1.09296 124.823
1.09425 124.817
1.09444 124.817
1.09478 124.815
1.09537 124.812
1.09628 124.808
1.0988 124.797
1.09914 124.796
1.09968 124.793
1.10006 124.791
1.10399 124.774
1.10538 124.768
1.10546 124.767
1.10689 124.761
1.10705 124.76
1.10707 124.76
1.1074 124.759
1.10752 124.758
1.10791 124.756
1.10893 124.752
1.11258 124.735
1.11593 124.72
1.11871 124.708
1.1205 124.7
1.12119 124.697
1.12287 124.689
1.12436 124.683
1.12491 124.68
1.127 124.671
1.12823 124.665
1.12876 124.663
1.12908 124.662
1.12942 124.66
1.12962 124.659
1.12984 124.658
1.12985 124.658
1.13012 124.657
1.13027 124.656
1.13065 124.655
1.13132 124.652
1.13519 124.634
1.13769 124.623
1.14298 124.6
1.14354 124.597
1.14456 124.593
1.14566 124.588
1.14697 124.582
1.14826 124.576
1.14833 124.576
1.14857 124.575
1.14963 124.57
1.1503 124.567
1.15104 124.564
1.15115 124.563
1.15206 124.559
1.15234 124.558
1.15285 124.556
1.15574 124.543
1.15725 124.536
1.15795 124.533
1.16092 124.52
1.16277 124.511
1.16355 124.508
1.16368 124.507
1.16529 124.5
1.16601 124.497
1.16738 124.491
1.16915 124.483
1.17246 124.468
1.17513 124.456
1.17578 124.454
1.17679 124.449
1.17712 124.448
1.17723 124.447
1.1781 124.443
1.17996 124.435
1.18127 124.429
1.18242 124.424
1.18377 124.418
1.18441 124.415
1.1846 124.414
1.19091 124.386
1.19178 124.382
1.19261 124.379
1.19267 124.379
1.19293 124.377
1.19377 124.374
1.19419 124.372
1.19455 124.37
1.19511 124.368
1.19585 124.364
1.19588 124.364
1.19627 124.363
1.19655 124.361
1.19712 124.359
1.19813 124.354
1.19841 124.353
1.19851 124.353
1.19903 124.35
1.19918 124.35
1.19929 124.349
1.20095 124.342
1.202 124.337
1.20217 124.336
1.20231 124.336
1.20304 124.333
1.20341 124.331
1.20373 124.329
1.20392 124.329
1.20443 124.326
1.20507 124.324
1.20614 124.319
1.20652 124.317
1.20946 124.304
1.20995 124.302
1.21078 124.298
1.21135 124.296
1.21229 124.292
1.21296 124.289
1.21406 124.284
1.21476 124.281
1.21526 124.278
1.21583 124.276
1.21633 124.274
1.21753 124.268
1.22223 124.248
1.22239 124.247
1.22285 124.245
1.2241 124.239
1.22479 124.236
1.22487 124.236
1.22505 124.235
1.2261 124.23
1.22638 124.229
1.22652 124.229
1.22681 124.227
1.22695 124.227
1.22973 124.214
1.23001 124.213
1.23016 124.212
1.23045 124.211
1.23074 124.21
1.23086 124.209
1.23147 124.207
1.23162 124.206
1.23202 124.204
1.23484 124.192
1.23661 124.184
1.23767 124.179
1.2383 124.176
1.2391 124.173
1.24052 124.167
1.24154 124.162
1.24182 124.161
1.2419 124.161
1.24216 124.159
1.24239 124.158
1.24291 124.156
1.24365 124.153
1.24518 124.146
1.24542 124.145
1.24545 124.145
1.24693 124.138
1.24807 124.133
1.24877 124.13
1.24897 124.129
1.2494 124.128
1.25002 124.125
1.25028 124.124
1.2508 124.121
1.25227 124.115
1.25302 124.112
1.25327 124.11
1.2546 124.105
1.2556 124.1
1.25571 124.1
1.25591 124.099
1.25675 124.095
1.25763 124.091
1.25832 124.088
1.25845 124.088
1.25897 124.085
1.26004 124.081
1.26018 124.08
1.26141 124.075
1.26244 124.07
1.26266 124.069
1.26528 124.057
1.26551 124.056
1.26591 124.055
1.26613 124.054
1.26641 124.053
1.26684 124.051
1.26747 124.048
1.26764 124.047
1.26896 124.041
1.26924 124.04
1.27024 124.036
1.27046 124.035
1.2705 124.034
1.27052 124.034
1.27055 124.034
1.27167 124.029
1.27389 124.02
1.27412 124.019
1.2745 124.017
1.27497 124.015
1.27569 124.012
1.27583 124.011
1.27612 124.01
1.27634 124.009
1.27745 124.004
1.27787 124.002
1.27947 123.995
1.27963 123.994
1.28018 123.992
1.28031 123.991
1.28039 123.991
1.28081 123.989
1.28093 123.989
1.28151 123.986
1.28297 123.98
1.28394 123.975
1.28426 123.974
1.28454 123.973
1.28471 123.972
1.28484 123.971
1.28719 123.961
1.28815 123.957
1.28948 123.951
1.28982 123.949
1.28997 123.949
1.29023 123.948
1.29223 123.939
1.29518 123.926
1.29553 123.924
1.29613 123.922
1.29705 123.918
1.29792 123.914
1.2985 123.911
1.2994 123.907
1.30097 123.901
1.30129 123.899
1.30228 123.895
1.30231 123.895
1.30465 123.884
1.30615 123.878
1.30642 123.877
1.30671 123.875
1.30719 123.873
1.30719 123.873
1.30722 123.873
1.30726 123.873
1.30729 123.873
1.30732 123.873
1.30746 123.872
1.30801 123.87
1.30828 123.868
1.30857 123.867
1.30883 123.866
1.30988 123.861
1.31096 123.857
1.31211 123.852
1.31217 123.851
1.31276 123.849
1.31328 123.846
1.31426 123.842
1.31717 123.829
1.31717 123.829
1.31883 123.822
1.3189 123.822
1.31969 123.818
1.31984 123.818
1.32024 123.816
1.32042 123.815
1.32073 123.814
1.32178 123.809
1.32416 123.799
1.32521 123.794
1.32532 123.794
1.32637 123.789
1.32643 123.789
1.32683 123.787
1.32757 123.784
1.32868 123.779
1.33824 123.737
1.34099 123.725
1.34191 123.721
1.34213 123.72
1.34432 123.711
1.34644 123.701
1.34735 123.697
1.34739 123.697
1.34825 123.693
1.35022 123.685
1.35073 123.683
1.35357 123.67
1.35537 123.662
1.35559 123.661
1.35588 123.66
1.35597 123.66
1.35698 123.655
1.35714 123.655
1.35745 123.653
1.35808 123.651
1.35889 123.647
1.36038 123.64
1.36177 123.634
1.36223 123.632
1.36238 123.632
1.3633 123.628
1.36372 123.626
1.36476 123.621
1.36513 123.62
1.36694 123.612
1.36757 123.609
1.36782 123.608
1.36816 123.607
1.36872 123.604
1.36953 123.601
1.37183 123.591
1.37186 123.59
1.37197 123.59
1.37329 123.584
1.37425 123.58
1.37439 123.579
1.37507 123.576
1.37817 123.563
1.37957 123.557
1.38112 123.55
1.38232 123.545
1.38241 123.544
1.38395 123.538
1.38928 123.515
1.39094 123.507
1.39163 123.504
1.39346 123.496
1.39399 123.494
1.39406 123.494
1.3958 123.486
1.39587 123.486
1.39803 123.476
1.39866 123.474
1.39968 123.469
1.40044 123.466
1.40091 123.464
1.40097 123.464
1.40102 123.463
1.40188 123.46
1.40289 123.455
1.40297 123.455
1.40421 123.45
1.40508 123.446
1.4079 123.434
1.40825 123.432
1.4086 123.431
1.40984 123.425
1.41109 123.42
1.41189 123.416
1.41239 123.414
1.41361 123.409
1.41373 123.408
1.41599 123.398
1.41605 123.398
1.41619 123.398
1.41831 123.388
1.41842 123.388
1.41923 123.384
1.41928 123.384
1.42023 123.38
1.42049 123.379
1.42082 123.378
1.42107 123.376
1.42277 123.369
1.42423 123.363
1.42498 123.359
1.42522 123.358
1.42582 123.356
1.42637 123.353
1.42674 123.352
1.42957 123.34
1.43086 123.334
1.43113 123.333
1.43183 123.33
1.43189 123.33
1.43439 123.319
1.43918 123.298
1.44031 123.293
1.44161 123.287
1.44227 123.285
1.44379 123.278
1.44561 123.27
1.44968 123.252
1.45072 123.248
1.45308 123.238
1.4535 123.236
1.45473 123.231
1.45627 123.224
1.45706 123.221
1.45852 123.214
1.46055 123.206
1.46153 123.201
1.46215 123.199
1.46346 123.193
1.4641 123.19
1.46745 123.176
1.4676 123.175
1.46954 123.167
1.48 123.122
1.48041 123.12
1.48099 123.117
1.48466 123.101
1.48713 123.091
1.48765 123.089
1.48821 123.086
1.4888 123.084
1.48957 123.08
1.49248 123.068
1.49294 123.066
1.49355 123.063
1.49363 123.063
1.4941 123.061
1.49669 123.05
1.49972 123.037
1.5043 123.017
1.50521 123.013
1.511 122.988
1.51102 122.988
1.51135 122.987
1.51343 122.978
1.51522 122.97
1.51523 122.97
1.51613 122.966
1.51746 122.96
1.51909 122.953
1.52071 122.946
1.52098 122.945
1.52312 122.936
1.52547 122.926
1.52667 122.921
1.52758 122.917
1.52852 122.913
1.52975 122.908
1.53044 122.905
1.53237 122.896
1.53273 122.895
1.53548 122.883
1.53796 122.872
1.53818 122.871
1.53839 122.87
1.54007 122.863
1.54089 122.86
1.54328 122.85
1.54419 122.846
1.54556 122.84
1.54634 122.836
1.54691 122.834
1.54775 122.83
1.55937 122.781
1.56096 122.774
1.57665 122.707
1.57847 122.699
1.57901 122.697
1.58069 122.69
1.58677 122.664
1.58678 122.664
1.58679 122.664
1.58952 122.652
1.58957 122.652
1.59053 122.648
1.5917 122.643
1.59406 122.633
1.59656 122.622
1.5994 122.61
1.60447 122.588
1.6047 122.587
1.60872 122.57
1.60876 122.57
1.61662 122.536
1.61689 122.535
1.61743 122.533
1.61876 122.527
1.61905 122.526
1.61979 122.523
1.62031 122.521
1.62223 122.513
1.62328 122.508
1.62344 122.507
1.62351 122.507
1.62502 122.501
1.6267 122.494
1.62944 122.482
1.63006 122.479
1.63091 122.476
1.63123 122.474
1.63127 122.474
1.63309 122.466
1.63391 122.463
1.63459 122.46
1.63575 122.455
1.63639 122.452
1.63739 122.448
1.63837 122.444
1.63982 122.438
1.64154 122.431
1.64207 122.428
1.64273 122.426
1.64377 122.421
1.64536 122.414
1.64591 122.412
1.64605 122.411
1.64767 122.405
1.64956 122.397
1.65194 122.386
1.65293 122.382
1.65459 122.375
1.65808 122.36
1.65915 122.356
1.66086 122.349
1.66087 122.349
1.66169 122.345
1.66177 122.345
1.66286 122.34
1.66343 122.338
1.66388 122.336
1.664 122.335
1.66454 122.333
1.66455 122.333
1.66485 122.332
1.665 122.331
1.66527 122.33
1.66863 122.316
1.66868 122.316
1.66896 122.314
1.67041 122.308
1.67062 122.307
1.6718 122.302
1.67219 122.301
1.67233 122.3
1.673 122.297
1.67508 122.288
1.67529 122.288
1.6773 122.279
1.67759 122.278
1.67822 122.275
1.67934 122.27
1.68093 122.264
1.68262 122.257
1.68752 122.236
1.69238 122.215
1.69547 122.202
1.69678 122.197
1.70049 122.181
1.70073 122.18
1.7029 122.171
1.70422 122.165
1.70436 122.165
1.70816 122.149
1.70872 122.146
1.70874 122.146
1.7092 122.144
1.70993 122.141
1.71007 122.141
1.7102 122.14
1.71045 122.139
1.71425 122.123
1.71439 122.123
1.71494 122.12
1.71499 122.12
1.71505 122.12
1.71627 122.115
1.71829 122.106
1.71864 122.105
1.7205 122.097
1.72067 122.096
1.72196 122.091
1.72424 122.081
1.72463 122.079
1.72505 122.078
1.72628 122.073
1.72732 122.068
1.73173 122.05
1.73353 122.042
1.73359 122.042
1.73467 122.037
1.73498 122.036
1.73591 122.032
1.73653 122.029
1.73838 122.022
1.73879 122.02
1.74156 122.008
1.7416 122.008
1.74234 122.005
1.746 121.99
1.7472 121.985
1.7473 121.984
1.74945 121.975
1.75231 121.963
1.75402 121.956
1.75464 121.953
1.755 121.952
1.75647 121.946
1.75708 121.943
1.75841 121.938
1.76198 121.923
1.76282 121.919
1.76574 121.907
1.7658 121.907
1.76606 121.905
1.76809 121.897
1.76857 121.895
1.77285 121.877
1.77308 121.876
1.77402 121.872
1.77664 121.861
1.77887 121.852
1.77959 121.849
1.78469 121.828
1.78648 121.82
1.78673 121.819
1.78809 121.813
1.78999 121.805
1.79038 121.804
1.79117 121.8
1.79156 121.799
1.79511 121.784
1.79569 121.782
1.79587 121.781
1.80128 121.758
1.80252 121.753
1.80392 121.747
1.80426 121.746
1.80444 121.745
1.8082 121.729
1.80824 121.729
1.80861 121.728
1.81084 121.718
1.81153 121.715
1.8116 121.715
1.81206 121.713
1.81212 121.713
1.81316 121.709
1.81379 121.706
1.81732 121.691
1.82014 121.68
1.82334 121.666
1.82375 121.664
1.8279 121.647
1.83314 121.625
1.83518 121.617
1.83875 121.602
1.83877 121.602
1.84026 121.596
1.84162 121.59
1.84303 121.584
1.84327 121.583
1.84359 121.582
1.84514 121.575
1.84703 121.568
1.84726 121.567
1.84858 121.561
1.84873 121.56
1.84979 121.556
1.85143 121.549
1.85267 121.544
1.85345 121.541
1.85404 121.538
1.85409 121.538
1.85455 121.536
1.85506 121.534
1.85529 121.533
1.85536 121.533
1.85587 121.531
1.85639 121.529
1.85715 121.526
1.85725 121.525
1.85749 121.524
1.86419 121.496
1.86486 121.494
1.8649 121.493
1.86521 121.492
1.86563 121.49
1.86565 121.49
1.86626 121.488
1.86653 121.487
1.86746 121.483
1.86757 121.482
1.86844 121.479
1.86856 121.478
1.86976 121.473
1.87047 121.47
1.87127 121.467
1.87402 121.456
1.87418 121.455
1.87419 121.455
1.87481 121.452
1.87647 121.445
1.8766 121.445
1.87888 121.435
1.87971 121.432
1.88035 121.429
1.88138 121.425
1.88315 121.418
1.88463 121.412
1.88497 121.41
1.88683 121.402
1.88734 121.4
1.88841 121.396
1.88866 121.395
1.8888 121.394
1.88921 121.393
1.88933 121.392
1.89029 121.388
1.89242 121.379
1.89302 121.377
1.89349 121.375
1.89386 121.373
1.89576 121.365
1.89729 121.359
1.89919 121.351
1.89979 121.349
1.90047 121.346
1.90067 121.345
1.90075 121.345
1.90214 121.339
1.90375 121.332
1.90485 121.328
1.90798 121.315
1.90921 121.31
1.91099 121.303
1.91101 121.302
1.91156 121.3
1.9116 121.3
1.91211 121.298
1.91229 121.297
1.91402 121.29
1.91455 121.288
1.9161 121.281
1.92015 121.265
1.92024 121.264
1.92103 121.261
1.92134 121.26
1.92345 121.251
1.92579 121.241
1.92621 121.24
1.92686 121.237
1.92734 121.235
1.92787 121.233
1.92823 121.231
1.92832 121.231
1.93097 121.22
1.9311 121.22
1.93409 121.207
1.93461 121.205
1.93528 121.202
1.93563 121.201
1.93625 121.198
1.93675 121.196
1.93726 121.194
1.93795 121.191
1.93961 121.185
1.94125 121.178
1.94287 121.171
1.9446 121.164
1.9458 121.159
1.94606 121.158
1.94694 121.154
1.94809 121.15
1.94852 121.148
1.94905 121.146
1.95168 121.135
1.95307 121.129
1.95605 121.117
1.95691 121.113
1.95761 121.11
1.95765 121.11
1.95853 121.107
1.96161 121.094
1.96408 121.084
1.96455 121.082
1.96906 121.063
1.97028 121.058
1.97077 121.056
1.97161 121.053
1.97451 121.041
1.97552 121.037
1.97635 121.033
1.97845 121.025
1.97946 121.021
1.97958 121.02
1.98023 121.018
1.98024 121.018
1.98286 121.007
1.98409 121.002
1.98492 120.998
1.98594 120.994
1.98812 120.985
1.9885 120.984
1.98953 120.979
1.99141 120.972
1.99198 120.969
1.99449 120.959
1.99464 120.958
1.99826 120.944
1.99835 120.943
2.00012 120.936
2.00383 120.921
2.00468 120.917
2.00522 120.915
2.00585 120.913
2.01683 120.868
2.01995 120.855
2.02518 120.834
2.03148 120.808
2.03295 120.802
2.03347 120.8
2.034 120.798
2.0364 120.788
2.03711 120.785
2.03743 120.784
2.03932 120.776
2.04204 120.765
2.04536 120.751
2.04932 120.735
2.05671 120.705
2.05696 120.704
2.05784 120.7
2.06014 120.691
2.0614 120.686
2.06482 120.672
2.06486 120.672
2.06503 120.671
2.06917 120.654
2.06952 120.653
2.0703 120.65
2.07405 120.635
2.07432 120.633
2.07544 120.629
2.0755 120.629
2.07558 120.628
2.07569 120.628
2.07918 120.614
2.08022 120.609
2.08204 120.602
2.08942 120.572
2.09098 120.566
2.09175 120.563
2.09296 120.558
2.09384 120.554
2.09981 120.53
2.10009 120.529
2.10051 120.527
2.10111 120.525
2.1014 120.524
2.10214 120.521
2.10475 120.51
2.10966 120.49
2.113 120.477
2.11677 120.461
2.11695 120.461
2.11835 120.455
2.12182 120.441
2.122 120.44
2.12436 120.431
2.12467 120.429
2.12727 120.419
2.129 120.412
2.12949 120.41
2.13131 120.403
2.13198 120.4
2.13461 120.389
2.13613 120.383
2.14315 120.355
2.14363 120.353
2.1474 120.338
2.15009 120.327
2.15221 120.318
2.15692 120.299
2.15711 120.298
2.1584 120.293
2.16718 120.258
2.17544 120.225
2.18012 120.206
2.18076 120.203
2.18551 120.184
2.19273 120.155
2.1932 120.153
2.19801 120.134
2.19825 120.133
2.19907 120.13
2.21145 120.08
2.21222 120.077
2.21328 120.073
2.21337 120.072
2.21611 120.061
2.22089 120.042
2.22476 120.027
2.22688 120.018
2.22778 120.015
2.22807 120.013
2.22897 120.01
2.23194 119.998
2.23423 119.989
2.23711 119.977
2.23825 119.973
2.24241 119.956
2.24583 119.942
2.24819 119.933
2.25075 119.923
2.25157 119.92
2.25586 119.902
2.25628 119.901
2.25875 119.891
2.26621 119.861
2.26986 119.847
2.27036 119.845
2.27083 119.843
2.27234 119.837
2.27306 119.834
2.27358 119.832
2.27754 119.816
2.27844 119.812
2.28101 119.802
2.28387 119.791
2.28478 119.787
2.28527 119.785
2.28636 119.781
2.29289 119.755
2.29754 119.736
2.30145 119.721
2.30469 119.708
2.30514 119.706
2.32484 119.628
2.32814 119.615
2.33022 119.607
2.33145 119.602
2.3328 119.597
2.33489 119.588
2.33541 119.586
2.35132 119.523
2.35308 119.516
2.35633 119.504
2.36396 119.473
2.36437 119.472
2.38175 119.403
2.38536 119.389
2.39076 119.368
2.39202 119.363
2.39601 119.347
2.41083 119.289
2.41782 119.261
2.4377 119.183
2.46013 119.096
2.46353 119.082
2.46682 119.069
2.46894 119.061
2.47154 119.051
2.47512 119.037
2.47703 119.03
2.47817 119.025
2.49015 118.978
2.4965 118.954
2.49954 118.942
2.50385 118.925
2.51058 118.899
2.52995 118.824
2.53755 118.794
2.53817 118.792
2.53858 118.79
2.53905 118.788
2.54063 118.782
2.55095 118.742
2.552 118.738
2.55791 118.715
2.57027 118.667
2.57107 118.664
2.57539 118.648
2.58371 118.615
2.58882 118.596
2.59727 118.563
2.60404 118.537
2.61109 118.51
2.61372 118.5
2.61387 118.499
2.6201 118.475
2.62974 118.438
2.6379 118.407
2.64166 118.392
2.66289 118.311
2.66513 118.302
2.66599 118.299
2.66893 118.288
2.66899 118.288
2.66991 118.284
2.67278 118.273
2.67663 118.258
2.68232 118.237
2.68233 118.236
2.69093 118.204
2.69155 118.201
2.69945 118.171
2.70572 118.147
2.70758 118.14
2.70902 118.135
2.7174 118.103
2.71876 118.097
2.71993 118.093
2.72295 118.081
2.73589 118.032
2.73739 118.027
2.73796 118.024
2.74064 118.014
2.75453 117.961
2.75549 117.958
2.75901 117.944
2.76744 117.912
2.77187 117.896
2.78312 117.853
2.78376 117.851
2.78529 117.845
2.78797 117.835
2.79234 117.818
2.83079 117.673
2.83757 117.647
2.85857 117.568
2.86673 117.538
2.86723 117.536
2.87606 117.503
2.87814 117.495
2.88423 117.472
2.88466 117.471
2.88501 117.469
2.88516 117.469
2.89436 117.434
2.91646 117.352
2.91763 117.347
2.92678 117.313
2.92722 117.311
2.92964 117.302
2.93407 117.286
2.93763 117.273
2.93896 117.268
2.94471 117.246
2.94761 117.235
2.95382 117.212
2.95548 117.206
2.95777 117.198
2.96047 117.188
2.96363 117.176
2.96588 117.168
2.97172 117.146
2.97258 117.143
2.982 117.108
2.99832 117.047
3.00079 117.038
3.00307 117.03
3.00623 117.018
3.01906 116.97
3.0258 116.945
3.02936 116.932
3.03046 116.928
3.03546 116.91
3.03807 116.9
3.042 116.886
3.04541 116.873
3.05839 116.825
3.06487 116.801
3.06811 116.789
3.07077 116.78
3.07397 116.768
3.07624 116.76
3.08216 116.738
3.0905 116.707
3.09646 116.685
3.11495 116.618
3.12022 116.598
3.12108 116.595
3.12282 116.589
3.12429 116.583
3.12631 116.576
3.12772 116.571
3.13099 116.559
3.13581 116.541
3.13936 116.528
3.14216 116.518
3.14869 116.494
3.15601 116.468
3.15775 116.461
3.16276 116.443
3.16656 116.429
3.16675 116.428
3.16742 116.426
3.16811 116.423
3.16962 116.418
3.17173 116.41
3.17991 116.38
3.18048 116.378
3.18238 116.371
3.18266 116.37
3.18268 116.37
3.18582 116.359
3.19495 116.326
3.21515 116.252
3.22096 116.231
3.22283 116.225
3.22357 116.222
3.22848 116.204
3.22945 116.201
3.2339 116.185
3.24422 116.147
3.24494 116.145
3.25144 116.121
3.25293 116.116
3.26511 116.072
3.27413 116.039
3.27748 116.027
3.2862 115.996
3.31497 115.892
3.32723 115.848
3.35128 115.762
3.35758 115.74
3.36155 115.726
3.38421 115.645
3.39976 115.589
3.4164 115.53
3.44705 115.421
3.47507 115.322
3.47964 115.306
3.48639 115.282
3.50412 115.22
3.50475 115.218
3.509 115.203
3.54898 115.062
3.55203 115.052
3.55912 115.027
3.56642 115.001
3.5698 114.989
3.57782 114.961
3.58509 114.936
3.58751 114.927
3.59647 114.896
3.59664 114.896
3.59955 114.885
3.60283 114.874
3.60428 114.869
3.61258 114.84
3.6169 114.825
3.62017 114.814
3.62596 114.793
3.63505 114.762
3.65804 114.682
3.65887 114.679
3.66019 114.674
3.6732 114.629
3.68013 114.605
3.68127 114.601
3.70545 114.518
3.71651 114.48
3.72701 114.444
3.74804 114.371
3.78289 114.252
3.78957 114.229
3.79058 114.225
3.80865 114.163
3.81322 114.148
3.82088 114.122
3.83987 114.057
3.84779 114.03
3.86569 113.969
3.86887 113.958
3.87448 113.939
3.88951 113.888
3.89115 113.883
3.90231 113.845
3.92013 113.785
3.93744 113.726
3.94634 113.696
3.95211 113.677
3.95724 113.66
3.96732 113.626
4.01293 113.473
4.01322 113.472
4.017 113.459
4.03444 113.401
4.03576 113.396
4.05523 113.331
4.07557 113.264
4.08435 113.234
4.09011 113.215
4.10013 113.182
4.10603 113.163
4.11056 113.147
4.13487 113.067
4.14149 113.045
4.14378 113.038
4.15534 112.999
4.19644 112.864
4.20163 112.847
4.21512 112.803
4.21998 112.787
4.22046 112.785
4.2302 112.753
4.24505 112.705
4.25068 112.686
4.30342 112.514
4.3054 112.508
4.34176 112.39
4.34652 112.374
4.34784 112.37
4.36775 112.306
4.36965 112.3
4.38067 112.264
4.3852 112.25
4.40653 112.181
4.41394 112.157
4.41689 112.147
4.48064 111.943
4.50702 111.859
4.52271 111.809
4.52303 111.808
4.52579 111.799
4.57724 111.636
4.70289 111.241
4.73247 111.149
4.74385 111.113
4.76413 111.05
4.80722 110.917
4.85782 110.761
4.89597 110.644
4.92141 110.566
4.93927 110.511
4.95012 110.478
4.95357 110.468
4.98206 110.381
5.08605 110.067
5.13918 109.907
5.19646 109.737
5.21862 109.671
5.32967 109.343
5.34213 109.307
5.44698 109.001
5.64242 108.44
5.80093 107.992
5.82189 107.934
5.90384 107.706
5.91043 107.687
6.23185 106.812
6.36334 106.461
6.46295 106.199
6.47826 106.159
6.53565 106.009
6.58427 105.883
6.70031 105.585
6.74504 105.47
7.28494 104.132
7.3349 104.012
7.79955 102.921
7.85622 102.792
8.12711 102.183
8.5837 101.193
9.21446 99.8972
9.71526 98.9252
9.8826 98.6112
10.6114 97.303
10.6685 97.2045
11.1913 96.3282
12.5749 94.2183
14.1301 92.1705
21.9779 85.5524
25.3306 83.9708
72.2652 80.0364
164.346 80
579.017 80
693.176 80
842.879 80
