\\\\\\\ 	 Серия 1	 \\\\\\\
НАПЫЛЕНИЕ
Температура после напыления: 130
Время напыления: 131.702
Число итераций напыления: 636638
ОТЖИГ:
Длины цепочек:
3 | 4 | 17 | 5 | 1 | 4 | 24 | 15 | 22 | 5 | 7 | 6 | 9 | 4 | 2 | 18 | 7 | 19 | 4 | 7 | 4 | 12 | 5 | 18 | 5 | 17 | 8 | 3 | 11 | 3 | 8 | 16 | 2 | 28 | 6 | 6 | 16 | 13 | 
Температура после отжига: 80.7113
Время отжига: 1275.82
Число итераций отжига: 113262

\\\\\\\ 	 Серия 2	 \\\\\\\
НАПЫЛЕНИЕ
Температура после напыления: 130
Время напыления: 132.465
Число итераций напыления: 630822
ОТЖИГ:
Длины цепочек:
9 | 11 | 15 | 14 | 9 | 21 | 2 | 4 | 13 | 9 | 9 | 18 | 16 | 9 | 6 | 5 | 15 | 10 | 3 | 9 | 14 | 16 | 2 | 3 | 7 | 7 | 1 | 1 | 12 | 10 | 16 | 11 | 32 | 14 | 11 | 
Температура после отжига: 80.205
Время отжига: 1649.09
Число итераций отжига: 108269

\\\\\\\ 	 Серия 3	 \\\\\\\
НАПЫЛЕНИЕ
Температура после напыления: 130
Время напыления: 132.724
Число итераций напыления: 641299
ОТЖИГ:
Длины цепочек:
4 | 17 | 9 | 6 | 11 | 18 | 2 | 10 | 2 | 2 | 10 | 2 | 18 | 10 | 5 | 13 | 14 | 7 | 10 | 8 | 8 | 4 | 13 | 5 | 19 | 6 | 11 | 2 | 1 | 9 | 16 | 5 | 13 | 10 | 2 | 2 | 5 | 17 | 4 | 16 | 18 | 
Температура после отжига: 80
Время отжига: 20370.8
Число итераций отжига: 116105

\\\\\\\ 	 Серия 4	 \\\\\\\
НАПЫЛЕНИЕ
Температура после напыления: 130
Время напыления: 135.541
Число итераций напыления: 699383
ОТЖИГ:
Длины цепочек:
20 | 14 | 4 | 10 | 15 | 6 | 16 | 3 | 13 | 2 | 11 | 9 | 15 | 9 | 2 | 14 | 17 | 15 | 6 | 8 | 8 | 14 | 7 | 15 | 8 | 1 | 8 | 14 | 7 | 2 | 10 | 4 | 4 | 11 | 2 | 6 | 2 | 11 | 5 | 16
Температура после отжига: 80.0432
Время отжига: 2116.17
Число итераций отжига: 107678

\\\\\\\ 	 Серия 5	 \\\\\\\
НАПЫЛЕНИЕ
Температура после напыления: 130
Время напыления: 130.46
Число итераций напыления: 628735
ОТЖИГ:
Длины цепочек:
10 | 6 | 6 | 4 | 28 | 17 | 7 | 19 | 18 | 4 | 16 | 1 | 4 | 14 | 2 | 7 | 8 | 14 | 8 | 9 | 8 | 10 | 1 | 18 | 16 | 16 | 15 | 1 | 7 | 12 | 12 | 10 | 9 | 4 | 19 | 4 | 
Температура после отжига: 81.6008
Время отжига: 1032.46
Число итераций отжига: 105510

\\\\\\\ 	 Серия 6	 \\\\\\\
НАПЫЛЕНИЕ
Температура после напыления: 130
Время напыления: 138.355
Число итераций напыления: 641569
ОТЖИГ:
Длины цепочек:
26 | 8 | 9 | 12 | 11 | 13 | 19 | 21 | 11 | 12 | 5 | 7 | 18 | 11 | 3 | 4 | 17 | 4 | 10 | 15 | 3 | 5 | 9 | 4 | 22 | 13 | 7 | 2 | 1 | 8 | 16 | 5 | 3 | 10 | 15 | 5 | 
Температура после отжига: 81.2737
Время отжига: 1101.03
Число итераций отжига: 119145

\\\\\\\ 	 Серия 7	 \\\\\\\
НАПЫЛЕНИЕ
Температура после напыления: 130
Время напыления: 127.662
Число итераций напыления: 628815
ОТЖИГ:
Длины цепочек:
16 | 5 | 15 | 5 | 11 | 12 | 14 | 16 | 17 | 6 | 12 | 1 | 14 | 8 | 19 | 5 | 10 | 10 | 12 | 17 | 15 | 2 | 3 | 12 | 3 | 10 | 20 | 12 | 16 | 5 | 13 | 18 | 10 | 
Температура после отжига: 81.4244
Время отжига: 1067.47
Число итераций отжига: 114107

\\\\\\\ 	 Серия 8	 \\\\\\\
НАПЫЛЕНИЕ
Температура после напыления: 130
Время напыления: 122.138
Число итераций напыления: 589675
ОТЖИГ:
Длины цепочек:
11 | 6 | 7 | 8 | 12 | 15 | 10 | 7 | 4 | 7 | 13 | 2 | 9 | 3 | 8 | 13 | 4 | 1 | 13 | 7 | 13 | 12 | 5 | 11 | 13 | 9 | 3 | 8 | 5 | 15 | 3 | 17 | 4 | 10 | 4 | 4 | 7 | 6 | 16 | 4 | 12 | 15 | 6 | 2 | 
Температура после отжига: 81.2804
Время отжига: 1099.45
Число итераций отжига: 110481

\\\\\\\ 	 Серия 9	 \\\\\\\
НАПЫЛЕНИЕ
Температура после напыления: 130
Время напыления: 130.106
Число итераций напыления: 680705
ОТЖИГ:
Длины цепочек:
5 | 9 | 10 | 15 | 5 | 18 | 6 | 9 | 14 | 7 | 3 | 13 | 14 | 5 | 6 | 8 | 8 | 22 | 2 | 2 | 11 | 17 | 2 | 7 | 11 | 9 | 1 | 5 | 3 | 8 | 16 | 1 | 13 | 14 | 18 | 17 | 15 | 15 | 
Температура после отжига: 80.8562
Время отжига: 1220.19
Число итераций отжига: 102601

\\\\\\\ 	 Серия 10	 \\\\\\\
НАПЫЛЕНИЕ
Температура после напыления: 130
Время напыления: 131.063
Число итераций напыления: 604219
ОТЖИГ:
Длины цепочек:
4 | 12 | 9 | 2 | 9 | 2 | 12 | 3 | 14 | 14 | 10 | 14 | 8 | 14 | 16 | 7 | 8 | 13 | 12 | 6 | 8 | 15 | 25 | 10 | 1 | 26 | 18 | 17 | 6 | 6 | 1 | 13 | 17 | 1 | 11 | 
Температура после отжига: 81.5671
Время отжига: 1038.85
Число итераций отжига: 107234

Среднее число напыленных атомов: 364

(Длина, число отсчетов)
0 0
1 16
2 26
3 17
4 27
5 24
6 20
7 21
8 23
9 22
10 23
11 18
12 17
13 18
14 19
15 19
16 19
17 14
18 13
19 6
20 2
21 2
22 3
23 0
24 1
25 1
26 2
27 0
28 2
29 0
30 0
31 0
32 1
33 0
34 0
35 0
36 0
37 0
38 0
39 0
40 0
41 0
42 0
43 0
44 0
45 0
46 0
47 0
48 0
49 0
50 0
51 0
52 0
53 0
54 0
55 0
56 0
57 0
58 0
59 0
60 0
61 0
62 0
63 0
64 0
65 0
66 0
67 0
68 0
69 0
70 0
71 0
72 0
73 0
74 0
75 0
76 0
77 0
78 0
79 0
80 0
81 0
82 0
83 0
84 0
85 0
86 0
87 0
88 0
89 0
90 0
91 0
92 0
93 0
94 0
95 0
96 0
97 0
98 0
99 0
100 0
101 0
102 0
103 0
104 0
105 0
106 0
107 0
108 0
109 0
110 0
111 0
112 0
113 0
114 0
115 0
116 0
117 0
118 0
119 0
120 0
121 0
122 0
123 0
124 0
125 0
126 0
127 0
128 0
129 0
130 0
131 0
132 0
133 0
134 0
135 0
136 0
137 0
138 0
139 0
140 0
141 0
142 0
143 0
144 0
145 0
146 0
147 0
148 0
149 0
150 0
151 0
152 0
153 0
154 0
155 0
156 0
157 0
158 0
159 0
160 0
161 0
162 0
163 0
164 0
165 0
166 0
167 0
168 0
169 0
170 0
171 0
172 0
173 0
174 0
175 0
176 0
177 0
178 0
179 0
180 0
181 0
182 0
183 0
184 0
185 0
186 0
187 0
188 0
189 0
190 0
191 0
192 0
193 0
194 0
195 0
196 0
197 0
198 0
199 0
200 0
201 0
202 0
203 0
204 0
205 0
206 0
207 0
208 0
209 0
210 0
211 0
212 0
213 0
214 0
215 0
216 0
217 0
218 0
219 0
220 0
221 0
222 0
223 0
224 0
225 0
226 0
227 0
228 0
229 0
230 0
231 0
232 0
233 0
234 0
235 0
236 0
237 0
238 0
239 0
240 0
241 0
242 0
243 0
244 0
245 0
246 0
247 0
248 0
249 0
250 0
251 0
252 0
253 0
254 0
255 0
256 0
257 0
258 0
259 0
260 0
261 0
262 0
263 0
264 0
265 0
266 0
267 0
268 0
269 0
270 0
271 0
272 0
273 0
274 0
275 0
276 0
277 0
278 0
279 0
280 0
281 0
282 0
283 0
284 0
285 0
286 0
287 0
288 0
289 0
290 0
291 0
292 0
293 0
294 0
295 0
296 0
297 0
298 0
299 0
300 0
301 0
302 0
303 0
304 0
305 0
306 0
307 0
308 0
309 0
310 0
311 0
312 0
313 0
314 0
315 0
316 0
317 0
318 0
319 0
320 0
321 0
322 0
323 0
324 0
325 0
326 0
327 0
328 0
329 0
330 0
331 0
332 0
333 0
334 0
335 0
336 0
337 0
338 0
339 0
340 0
341 0
342 0
343 0
344 0
345 0
346 0
347 0
348 0
349 0
350 0
351 0
352 0
353 0
354 0
355 0
356 0
357 0
358 0
359 0
360 0
361 0
362 0
363 0
364 0
Время выполнения программы 77578 мс
-1
T1=130K T2=80K Exp=10
Адатомов: 364/100 Тау=300 секунд
Ср. вр. нап: 131.222сек
Ср. ч-ло ит. нап: 638186
Ср. т-ра после нап: 130K
Ср. вр. отжига: 3197.14cек
Ср. ч-ло ит. отжига: 110439
Ср. т-ра после отжига: 80.8962
