\\\\\\\ 	 Серия 1	 \\\\\\\
НАПЫЛЕНИЕ
Температура после напыления: 130
Время напыления: 131.702
Число итераций напыления: 636638
ОТЖИГ:
Длины цепочек:
7 | 14 | 9 | 24 | 3 | 16 | 2 | 1 | 18 | 3 | 10 | 5 | 12 | 12 | 15 | 21 | 1 | 12 | 12 | 5 | 13 | 8 | 2 | 13 | 6 | 5 | 5 | 7 | 2 | 7 | 4 | 16 | 32 | 3 | 2 | 3 | 2 | 17 | 15 | 
Температура после отжига: 80
Время отжига: 1197.16
Число итераций отжига: 11747

\\\\\\\ 	 Серия 2	 \\\\\\\
НАПЫЛЕНИЕ
Температура после напыления: 130
Время напыления: 132.465
Число итераций напыления: 630822
ОТЖИГ:
Длины цепочек:
11 | 2 | 8 | 14 | 12 | 3 | 5 | 4 | 21 | 2 | 5 | 11 | 17 | 18 | 13 | 16 | 7 | 14 | 14 | 8 | 1 | 16 | 8 | 8 | 4 | 1 | 12 | 15 | 5 | 21 | 11 | 11 | 19 | 2 | 3 | 14 | 8 | 
Температура после отжига: 80
Время отжига: 1080.14
Число итераций отжига: 11077

\\\\\\\ 	 Серия 3	 \\\\\\\
НАПЫЛЕНИЕ
Температура после напыления: 130
Время напыления: 132.724
Число итераций напыления: 641299
ОТЖИГ:
Длины цепочек:
20 | 5 | 1 | 4 | 15 | 18 | 13 | 1 | 13 | 14 | 11 | 4 | 17 | 18 | 8 | 2 | 5 | 10 | 7 | 4 | 9 | 8 | 3 | 15 | 12 | 6 | 5 | 4 | 11 | 7 | 2 | 7 | 19 | 9 | 9 | 11 | 10 | 3 | 5 | 14 | 5
Температура после отжига: 80
Время отжига: 1768.55
Число итераций отжига: 12896

\\\\\\\ 	 Серия 4	 \\\\\\\
НАПЫЛЕНИЕ
Температура после напыления: 130
Время напыления: 135.541
Число итераций напыления: 699383
ОТЖИГ:
Длины цепочек:
7 | 12 | 18 | 12 | 13 | 6 | 3 | 3 | 14 | 11 | 14 | 3 | 9 | 16 | 6 | 14 | 1 | 2 | 13 | 22 | 6 | 5 | 20 | 3 | 5 | 18 | 3 | 10 | 16 | 2 | 17 | 5 | 1 | 9 | 5 | 17 | 9 | 14
Температура после отжига: 80
Время отжига: 1042.2
Число итераций отжига: 10037

\\\\\\\ 	 Серия 5	 \\\\\\\
НАПЫЛЕНИЕ
Температура после напыления: 130
Время напыления: 130.46
Число итераций напыления: 628735
ОТЖИГ:
Длины цепочек:
8 | 10 | 6 | 26 | 17 | 19 | 6 | 21 | 3 | 14 | 6 | 2 | 16 | 4 | 5 | 9 | 4 | 7 | 6 | 2 | 2 | 10 | 14 | 6 | 9 | 5 | 16 | 17 | 8 | 2 | 7 | 4 | 6 | 3 | 6 | 7 | 2 | 11 | 5 | 4 | 4 | 17 | 1 | 7
Температура после отжига: 80
Время отжига: 1384.66
Число итераций отжига: 11285

\\\\\\\ 	 Серия 6	 \\\\\\\
НАПЫЛЕНИЕ
Температура после напыления: 130
Время напыления: 138.355
Число итераций напыления: 641569
ОТЖИГ:
Длины цепочек:
22 | 2 | 10 | 8 | 7 | 8 | 1 | 18 | 16 | 2 | 21 | 8 | 2 | 4 | 13 | 2 | 3 | 4 | 13 | 16 | 10 | 9 | 2 | 3 | 11 | 15 | 1 | 5 | 4 | 7 | 10 | 6 | 5 | 23 | 9 | 21 | 3 | 6 | 3 | 3 | 3 | 6 | 10 | 9 | 
Температура после отжига: 80
Время отжига: 3109.04
Число итераций отжига: 11286

\\\\\\\ 	 Серия 7	 \\\\\\\
НАПЫЛЕНИЕ
Температура после напыления: 130
Время напыления: 127.662
Число итераций напыления: 628815
ОТЖИГ:
Длины цепочек:
19 | 4 | 11 | 4 | 16 | 7 | 2 | 9 | 19 | 5 | 13 | 17 | 2 | 2 | 14 | 1 | 3 | 3 | 17 | 9 | 8 | 11 | 4 | 10 | 9 | 6 | 13 | 4 | 14 | 6 | 5 | 16 | 8 | 2 | 2 | 20 | 9 | 9 | 4 | 17 | 10 | 
Температура после отжига: 80
Время отжига: 1522.89
Число итераций отжига: 11789

\\\\\\\ 	 Серия 8	 \\\\\\\
НАПЫЛЕНИЕ
Температура после напыления: 130
Время напыления: 122.138
Число итераций напыления: 589675
ОТЖИГ:
Длины цепочек:
8 | 8 | 7 | 3 | 4 | 3 | 3 | 24 | 6 | 3 | 6 | 3 | 12 | 2 | 8 | 3 | 2 | 13 | 13 | 4 | 15 | 4 | 12 | 4 | 6 | 5 | 1 | 6 | 9 | 10 | 12 | 5 | 11 | 4 | 9 | 2 | 5 | 14 | 11 | 3 | 9 | 7 | 3 | 4 | 15 | 4 | 2 | 11 | 13 | 5 | 8
Температура после отжига: 80
Время отжига: 3142.86
Число итераций отжига: 12954

\\\\\\\ 	 Серия 9	 \\\\\\\
НАПЫЛЕНИЕ
Температура после напыления: 130
Время напыления: 130.106
Число итераций напыления: 680705
ОТЖИГ:
Длины цепочек:
5 | 3 | 9 | 8 | 4 | 14 | 4 | 16 | 9 | 8 | 15 | 5 | 9 | 5 | 9 | 5 | 11 | 4 | 4 | 13 | 20 | 1 | 6 | 9 | 6 | 3 | 6 | 5 | 11 | 10 | 5 | 7 | 10 | 13 | 9 | 8 | 2 | 2 | 14 | 13 | 3 | 11 | 4 | 11 | 15 | 
Температура после отжига: 80
Время отжига: 7446.01
Число итераций отжига: 12089

\\\\\\\ 	 Серия 10	 \\\\\\\
НАПЫЛЕНИЕ
Температура после напыления: 130
Время напыления: 131.063
Число итераций напыления: 604219
ОТЖИГ:
Длины цепочек:
2 | 8 | 10 | 8 | 1 | 8 | 8 | 4 | 8 | 10 | 15 | 12 | 12 | 6 | 17 | 14 | 15 | 3 | 13 | 9 | 5 | 11 | 13 | 24 | 9 | 1 | 4 | 24 | 2 | 11 | 6 | 17 | 4 | 10 | 11 | 13 | 3 | 13 | 
Температура после отжига: 80
Время отжига: 1121.36
Число итераций отжига: 11302

Среднее число напыленных атомов: 364

(Длина, число отсчетов)
0 0
1 16
2 35
3 36
4 35
5 34
6 26
7 18
8 27
9 28
10 18
11 22
12 14
13 21
14 19
15 12
16 13
17 13
18 7
19 5
20 4
21 6
22 2
23 1
24 4
25 0
26 1
27 0
28 0
29 0
30 0
31 0
32 1
33 0
34 0
35 0
36 0
37 0
38 0
39 0
40 0
41 0
42 0
43 0
44 0
45 0
46 0
47 0
48 0
49 0
50 0
51 0
52 0
53 0
54 0
55 0
56 0
57 0
58 0
59 0
60 0
61 0
62 0
63 0
64 0
65 0
66 0
67 0
68 0
69 0
70 0
71 0
72 0
73 0
74 0
75 0
76 0
77 0
78 0
79 0
80 0
81 0
82 0
83 0
84 0
85 0
86 0
87 0
88 0
89 0
90 0
91 0
92 0
93 0
94 0
95 0
96 0
97 0
98 0
99 0
100 0
101 0
102 0
103 0
104 0
105 0
106 0
107 0
108 0
109 0
110 0
111 0
112 0
113 0
114 0
115 0
116 0
117 0
118 0
119 0
120 0
121 0
122 0
123 0
124 0
125 0
126 0
127 0
128 0
129 0
130 0
131 0
132 0
133 0
134 0
135 0
136 0
137 0
138 0
139 0
140 0
141 0
142 0
143 0
144 0
145 0
146 0
147 0
148 0
149 0
150 0
151 0
152 0
153 0
154 0
155 0
156 0
157 0
158 0
159 0
160 0
161 0
162 0
163 0
164 0
165 0
166 0
167 0
168 0
169 0
170 0
171 0
172 0
173 0
174 0
175 0
176 0
177 0
178 0
179 0
180 0
181 0
182 0
183 0
184 0
185 0
186 0
187 0
188 0
189 0
190 0
191 0
192 0
193 0
194 0
195 0
196 0
197 0
198 0
199 0
200 0
201 0
202 0
203 0
204 0
205 0
206 0
207 0
208 0
209 0
210 0
211 0
212 0
213 0
214 0
215 0
216 0
217 0
218 0
219 0
220 0
221 0
222 0
223 0
224 0
225 0
226 0
227 0
228 0
229 0
230 0
231 0
232 0
233 0
234 0
235 0
236 0
237 0
238 0
239 0
240 0
241 0
242 0
243 0
244 0
245 0
246 0
247 0
248 0
249 0
250 0
251 0
252 0
253 0
254 0
255 0
256 0
257 0
258 0
259 0
260 0
261 0
262 0
263 0
264 0
265 0
266 0
267 0
268 0
269 0
270 0
271 0
272 0
273 0
274 0
275 0
276 0
277 0
278 0
279 0
280 0
281 0
282 0
283 0
284 0
285 0
286 0
287 0
288 0
289 0
290 0
291 0
292 0
293 0
294 0
295 0
296 0
297 0
298 0
299 0
300 0
301 0
302 0
303 0
304 0
305 0
306 0
307 0
308 0
309 0
310 0
311 0
312 0
313 0
314 0
315 0
316 0
317 0
318 0
319 0
320 0
321 0
322 0
323 0
324 0
325 0
326 0
327 0
328 0
329 0
330 0
331 0
332 0
333 0
334 0
335 0
336 0
337 0
338 0
339 0
340 0
341 0
342 0
343 0
344 0
345 0
346 0
347 0
348 0
349 0
350 0
351 0
352 0
353 0
354 0
355 0
356 0
357 0
358 0
359 0
360 0
361 0
362 0
363 0
364 0
Время выполнения программы 18146 мс
-1
T1=130K T2=80K Exp=10
Адатомов: 364/100 Тау=30 секунд
Ср. вр. нап: 131.222сек
Ср. ч-ло ит. нап: 638186
Ср. т-ра после нап: 130K
Ср. вр. отжига: 2281.49cек
Ср. ч-ло ит. отжига: 11646
Ср. т-ра после отжига: 80
