\\\\\\\ 	 Серия 1	 \\\\\\\
НАПЫЛЕНИЕ
Температура после напыления: 130
Время напыления: 131.702
Число итераций напыления: 636638
ОТЖИГ:
Длины цепочек:
4 | 20 | 16 | 12 | 6 | 5 | 26 | 16 | 12 | 15 | 29 | 3 | 15 | 3 | 2 | 1 | 29 | 17 | 1 | 17 | 17 | 5 | 8 | 8 | 4 | 11 | 20 | 12 | 6 | 13 | 11
Температура после отжига: 123.679
Время отжига: 1000
Число итераций отжига: 1736234

\\\\\\\ 	 Серия 2	 \\\\\\\
НАПЫЛЕНИЕ
Температура после напыления: 130
Время напыления: 132.465
Число итераций напыления: 630822
ОТЖИГ:
Длины цепочек:
17 | 11 | 8 | 16 | 1 | 10 | 7 | 7 | 12 | 5 | 9 | 14 | 27 | 2 | 28 | 1 | 16 | 19 | 2 | 1 | 22 | 2 | 1 | 26 | 1 | 20 | 7 | 3 | 15 | 9 | 25 | 20
Температура после отжига: 123.679
Время отжига: 1000
Число итераций отжига: 1692584

\\\\\\\ 	 Серия 3	 \\\\\\\
НАПЫЛЕНИЕ
Температура после напыления: 130
Время напыления: 132.724
Число итераций напыления: 641299
ОТЖИГ:
Длины цепочек:
10 | 1 | 33 | 15 | 14 | 6 | 27 | 8 | 21 | 1 | 1 | 13 | 19 | 16 | 7 | 2 | 8 | 15 | 3 | 11 | 12 | 28 | 4 | 2 | 16 | 6 | 6 | 9 | 16 | 13 | 6 | 15
Температура после отжига: 123.679
Время отжига: 1000
Число итераций отжига: 1689079

\\\\\\\ 	 Серия 4	 \\\\\\\
НАПЫЛЕНИЕ
Температура после напыления: 130
Время напыления: 135.541
Число итераций напыления: 699383
ОТЖИГ:
Длины цепочек:
15 | 22 | 1 | 1 | 3 | 12 | 20 | 4 | 7 | 14 | 1 | 11 | 10 | 3 | 9 | 21 | 5 | 15 | 18 | 14 | 9 | 9 | 17 | 11 | 11 | 1 | 7 | 7 | 10 | 7 | 18 | 13 | 5 | 3 | 6 | 4 | 4 | 2 | 14 | 
Температура после отжига: 123.679
Время отжига: 1000
Число итераций отжига: 1728293

\\\\\\\ 	 Серия 5	 \\\\\\\
НАПЫЛЕНИЕ
Температура после напыления: 130
Время напыления: 130.46
Число итераций напыления: 628735
ОТЖИГ:
Длины цепочек:
13 | 3 | 2 | 37 | 19 | 17 | 3 | 16 | 5 | 3 | 14 | 3 | 8 | 26 | 13 | 5 | 11 | 4 | 5 | 2 | 1 | 8 | 6 | 3 | 4 | 3 | 5 | 24 | 9 | 16 | 13 | 7 | 6 | 6 | 15 | 7 | 7 | 15 | 
Температура после отжига: 123.679
Время отжига: 1000
Число итераций отжига: 1718467

\\\\\\\ 	 Серия 6	 \\\\\\\
НАПЫЛЕНИЕ
Температура после напыления: 130
Время напыления: 138.355
Число итераций напыления: 641569
ОТЖИГ:
Длины цепочек:
1 | 8 | 26 | 6 | 4 | 6 | 8 | 13 | 6 | 10 | 5 | 4 | 8 | 9 | 9 | 14 | 1 | 25 | 31 | 1 | 6 | 17 | 4 | 7 | 7 | 8 | 5 | 10 | 12 | 7 | 16 | 6 | 3 | 1 | 15 | 9 | 2 | 10 | 15 | 9 | 
Температура после отжига: 123.679
Время отжига: 1000
Число итераций отжига: 1735518

\\\\\\\ 	 Серия 7	 \\\\\\\
НАПЫЛЕНИЕ
Температура после напыления: 130
Время напыления: 127.662
Число итераций напыления: 628815
ОТЖИГ:
Длины цепочек:
11 | 13 | 9 | 14 | 17 | 6 | 3 | 3 | 6 | 8 | 17 | 2 | 9 | 4 | 12 | 10 | 7 | 13 | 9 | 4 | 2 | 6 | 1 | 7 | 1 | 29 | 17 | 4 | 14 | 9 | 19 | 3 | 9 | 6 | 4 | 11 | 15 | 5 | 2 | 18 | 3 | 2 | 
Температура после отжига: 123.679
Время отжига: 1000
Число итераций отжига: 1710704

\\\\\\\ 	 Серия 8	 \\\\\\\
НАПЫЛЕНИЕ
Температура после напыления: 130
Время напыления: 122.138
Число итераций напыления: 589675
ОТЖИГ:
Длины цепочек:
14 | 11 | 17 | 9 | 16 | 4 | 13 | 8 | 25 | 2 | 19 | 6 | 3 | 6 | 12 | 23 | 25 | 13 | 13 | 4 | 1 | 9 | 3 | 10 | 1 | 10 | 12 | 12 | 1 | 1 | 7 | 12 | 12 | 5 | 6 | 19 | 
Температура после отжига: 123.679
Время отжига: 1000
Число итераций отжига: 1738909

\\\\\\\ 	 Серия 9	 \\\\\\\
НАПЫЛЕНИЕ
Температура после напыления: 130
Время напыления: 130.106
Число итераций напыления: 680705
ОТЖИГ:
Длины цепочек:
5 | 25 | 18 | 1 | 18 | 15 | 13 | 22 | 12 | 9 | 8 | 3 | 8 | 28 | 3 | 8 | 12 | 12 | 28 | 7 | 15 | 14 | 4 | 5 | 4 | 27 | 3 | 12 | 25 | 
Температура после отжига: 123.679
Время отжига: 1000.02
Число итераций отжига: 1766301

\\\\\\\ 	 Серия 10	 \\\\\\\
НАПЫЛЕНИЕ
Температура после напыления: 130
Время напыления: 131.063
Число итераций напыления: 604219
ОТЖИГ:
Длины цепочек:
28 | 5 | 13 | 5 | 23 | 8 | 1 | 7 | 12 | 15 | 2 | 17 | 3 | 2 | 20 | 10 | 20 | 30 | 2 | 35 | 6 | 8 | 12 | 5 | 5 | 5 | 16 | 12 | 4 | 33
Температура после отжига: 123.679
Время отжига: 1000.01
Число итераций отжига: 1774160

Среднее число напыленных атомов: 364

(Длина, число отсчетов)
0 0
1 27
2 18
3 24
4 20
5 20
6 23
7 19
8 18
9 19
10 11
11 11
12 20
13 15
14 11
15 16
16 12
17 12
18 5
19 6
20 7
21 2
22 3
23 2
24 1
25 6
26 4
27 3
28 5
29 3
30 1
31 1
32 0
33 2
34 0
35 1
36 0
37 1
38 0
39 0
40 0
41 0
42 0
43 0
44 0
45 0
46 0
47 0
48 0
49 0
50 0
51 0
52 0
53 0
54 0
55 0
56 0
57 0
58 0
59 0
60 0
61 0
62 0
63 0
64 0
65 0
66 0
67 0
68 0
69 0
70 0
71 0
72 0
73 0
74 0
75 0
76 0
77 0
78 0
79 0
80 0
81 0
82 0
83 0
84 0
85 0
86 0
87 0
88 0
89 0
90 0
91 0
92 0
93 0
94 0
95 0
96 0
97 0
98 0
99 0
100 0
101 0
102 0
103 0
104 0
105 0
106 0
107 0
108 0
109 0
110 0
111 0
112 0
113 0
114 0
115 0
116 0
117 0
118 0
119 0
120 0
121 0
122 0
123 0
124 0
125 0
126 0
127 0
128 0
129 0
130 0
131 0
132 0
133 0
134 0
135 0
136 0
137 0
138 0
139 0
140 0
141 0
142 0
143 0
144 0
145 0
146 0
147 0
148 0
149 0
150 0
151 0
152 0
153 0
154 0
155 0
156 0
157 0
158 0
159 0
160 0
161 0
162 0
163 0
164 0
165 0
166 0
167 0
168 0
169 0
170 0
171 0
172 0
173 0
174 0
175 0
176 0
177 0
178 0
179 0
180 0
181 0
182 0
183 0
184 0
185 0
186 0
187 0
188 0
189 0
190 0
191 0
192 0
193 0
194 0
195 0
196 0
197 0
198 0
199 0
200 0
201 0
202 0
203 0
204 0
205 0
206 0
207 0
208 0
209 0
210 0
211 0
212 0
213 0
214 0
215 0
216 0
217 0
218 0
219 0
220 0
221 0
222 0
223 0
224 0
225 0
226 0
227 0
228 0
229 0
230 0
231 0
232 0
233 0
234 0
235 0
236 0
237 0
238 0
239 0
240 0
241 0
242 0
243 0
244 0
245 0
246 0
247 0
248 0
249 0
250 0
251 0
252 0
253 0
254 0
255 0
256 0
257 0
258 0
259 0
260 0
261 0
262 0
263 0
264 0
265 0
266 0
267 0
268 0
269 0
270 0
271 0
272 0
273 0
274 0
275 0
276 0
277 0
278 0
279 0
280 0
281 0
282 0
283 0
284 0
285 0
286 0
287 0
288 0
289 0
290 0
291 0
292 0
293 0
294 0
295 0
296 0
297 0
298 0
299 0
300 0
301 0
302 0
303 0
304 0
305 0
306 0
307 0
308 0
309 0
310 0
311 0
312 0
313 0
314 0
315 0
316 0
317 0
318 0
319 0
320 0
321 0
322 0
323 0
324 0
325 0
326 0
327 0
328 0
329 0
330 0
331 0
332 0
333 0
334 0
335 0
336 0
337 0
338 0
339 0
340 0
341 0
342 0
343 0
344 0
345 0
346 0
347 0
348 0
349 0
350 0
351 0
352 0
353 0
354 0
355 0
356 0
357 0
358 0
359 0
360 0
361 0
362 0
363 0
364 0
Время выполнения программы 1056493 мс
-1
T1=130K T2=120K Exp=10
Адатомов: 364/100 Тау=1000 секунд
Ср. вр. нап: 131.222сек
Ср. ч-ло ит. нап: 638186
Ср. т-ра после нап: 130K
Ср. вр. отжига: 1000cек
Ср. ч-ло ит. отжига: 1729024
Ср. т-ра после отжига: 123.679
