\\\\\\\ 	 Серия 1	 \\\\\\\
НАПЫЛЕНИЕ
Температура после напыления: 130
Время напыления: 131.702
Число итераций напыления: 636638
ОТЖИГ:
Длины цепочек:
12 | 1 | 19 | 5 | 31 | 7 | 7 | 11 | 2 | 12 | 7 | 19 | 13 | 4 | 9 | 11 | 8 | 3 | 16 | 26 | 13 | 6 | 15 | 23 | 1 | 47 | 7 | 2 | 1 | 7 | 6 | 2 | 5 | 6 | 
Температура после отжига: 120.357
Время отжига: 1000
Число итераций отжига: 884503

\\\\\\\ 	 Серия 2	 \\\\\\\
НАПЫЛЕНИЕ
Температура после напыления: 130
Время напыления: 132.465
Число итераций напыления: 630822
ОТЖИГ:
Длины цепочек:
15 | 32 | 19 | 9 | 6 | 12 | 1 | 25 | 1 | 21 | 16 | 3 | 21 | 29 | 13 | 9 | 2 | 5 | 10 | 19 | 9 | 9 | 27 | 19 | 9 | 23 | 
Температура после отжига: 120.357
Время отжига: 1000
Число итераций отжига: 910063

\\\\\\\ 	 Серия 3	 \\\\\\\
НАПЫЛЕНИЕ
Температура после напыления: 130
Время напыления: 132.724
Число итераций напыления: 641299
ОТЖИГ:
Длины цепочек:
19 | 11 | 18 | 1 | 6 | 10 | 14 | 3 | 1 | 11 | 10 | 11 | 21 | 12 | 3 | 4 | 1 | 27 | 9 | 5 | 8 | 8 | 25 | 8 | 5 | 2 | 16 | 3 | 17 | 9 | 7 | 2 | 5 | 2 | 6 | 6 | 17 | 1 | 5 | 11 | 4 | 
Температура после отжига: 120.357
Время отжига: 1000
Число итераций отжига: 911366

\\\\\\\ 	 Серия 4	 \\\\\\\
НАПЫЛЕНИЕ
Температура после напыления: 130
Время напыления: 135.541
Число итераций напыления: 699383
ОТЖИГ:
Длины цепочек:
3 | 26 | 4 | 2 | 15 | 2 | 2 | 6 | 5 | 15 | 2 | 1 | 8 | 7 | 2 | 14 | 24 | 26 | 6 | 20 | 20 | 16 | 7 | 13 | 2 | 11 | 2 | 9 | 3 | 18 | 17 | 11 | 11 | 20 | 6 | 8
Температура после отжига: 120.357
Время отжига: 1000.01
Число итераций отжига: 885187

\\\\\\\ 	 Серия 5	 \\\\\\\
НАПЫЛЕНИЕ
Температура после напыления: 130
Время напыления: 130.46
Число итераций напыления: 628735
ОТЖИГ:
Длины цепочек:
1 | 15 | 7 | 1 | 10 | 33 | 10 | 6 | 25 | 8 | 7 | 8 | 2 | 5 | 15 | 8 | 12 | 4 | 11 | 4 | 2 | 15 | 7 | 3 | 2 | 13 | 8 | 39 | 4 | 26 | 7 | 10 | 13 | 23
Температура после отжига: 120.357
Время отжига: 1000
Число итераций отжига: 894576

\\\\\\\ 	 Серия 6	 \\\\\\\
НАПЫЛЕНИЕ
Температура после напыления: 130
Время напыления: 138.355
Число итераций напыления: 641569
ОТЖИГ:
Длины цепочек:
10 | 10 | 8 | 19 | 6 | 13 | 22 | 19 | 9 | 4 | 15 | 19 | 10 | 14 | 19 | 4 | 1 | 3 | 10 | 10 | 14 | 4 | 3 | 5 | 5 | 5 | 23 | 7 | 19 | 9 | 10 | 35
Температура после отжига: 120.357
Время отжига: 1000.01
Число итераций отжига: 912784

\\\\\\\ 	 Серия 7	 \\\\\\\
НАПЫЛЕНИЕ
Температура после напыления: 130
Время напыления: 127.662
Число итераций напыления: 628815
ОТЖИГ:
Длины цепочек:
9 | 11 | 21 | 1 | 8 | 27 | 16 | 16 | 1 | 18 | 4 | 21 | 2 | 19 | 3 | 2 | 9 | 14 | 12 | 7 | 19 | 6 | 4 | 12 | 16 | 10 | 26 | 21 | 24 | 5 | 
Температура после отжига: 120.357
Время отжига: 1000
Число итераций отжига: 949684

\\\\\\\ 	 Серия 8	 \\\\\\\
НАПЫЛЕНИЕ
Температура после напыления: 130
Время напыления: 122.138
Число итераций напыления: 589675
ОТЖИГ:
Длины цепочек:
4 | 8 | 7 | 41 | 13 | 15 | 5 | 10 | 20 | 12 | 3 | 6 | 14 | 4 | 2 | 3 | 35 | 3 | 12 | 8 | 6 | 3 | 19 | 15 | 7 | 11 | 1 | 5 | 1 | 8 | 10 | 10 | 5 | 9 | 11 | 12 | 6 | 
Температура после отжига: 120.357
Время отжига: 1000
Число итераций отжига: 945577

\\\\\\\ 	 Серия 9	 \\\\\\\
НАПЫЛЕНИЕ
Температура после напыления: 130
Время напыления: 130.106
Число итераций напыления: 680705
ОТЖИГ:
Длины цепочек:
17 | 12 | 6 | 5 | 3 | 13 | 14 | 10 | 8 | 4 | 4 | 2 | 20 | 21 | 1 | 9 | 30 | 24 | 3 | 1 | 15 | 11 | 11 | 4 | 7 | 3 | 9 | 11 | 3 | 3 | 13 | 1 | 12 | 26 | 2 | 26
Температура после отжига: 120.357
Время отжига: 1000
Число итераций отжига: 917009

\\\\\\\ 	 Серия 10	 \\\\\\\
НАПЫЛЕНИЕ
Температура после напыления: 130
Время напыления: 131.063
Число итераций напыления: 604219
ОТЖИГ:
Длины цепочек:
7 | 3 | 11 | 5 | 11 | 1 | 3 | 13 | 6 | 22 | 1 | 1 | 5 | 8 | 12 | 8 | 13 | 4 | 14 | 1 | 3 | 6 | 4 | 19 | 3 | 9 | 14 | 6 | 23 | 10 | 22 | 9 | 8 | 26 | 25 | 12 | 11 | 5 | 
Температура после отжига: 120.357
Время отжига: 1000
Число итераций отжига: 898757

Среднее число напыленных атомов: 364

(Длина, число отсчетов)
0 0
1 24
2 22
3 24
4 19
5 20
6 20
7 18
8 19
9 18
10 18
11 19
12 14
13 12
14 9
15 11
16 7
17 4
18 3
19 15
20 5
21 7
22 3
23 5
24 3
25 4
26 8
27 3
28 0
29 1
30 1
31 1
32 1
33 1
34 0
35 2
36 0
37 0
38 0
39 1
40 0
41 1
42 0
43 0
44 0
45 0
46 0
47 1
48 0
49 0
50 0
51 0
52 0
53 0
54 0
55 0
56 0
57 0
58 0
59 0
60 0
61 0
62 0
63 0
64 0
65 0
66 0
67 0
68 0
69 0
70 0
71 0
72 0
73 0
74 0
75 0
76 0
77 0
78 0
79 0
80 0
81 0
82 0
83 0
84 0
85 0
86 0
87 0
88 0
89 0
90 0
91 0
92 0
93 0
94 0
95 0
96 0
97 0
98 0
99 0
100 0
101 0
102 0
103 0
104 0
105 0
106 0
107 0
108 0
109 0
110 0
111 0
112 0
113 0
114 0
115 0
116 0
117 0
118 0
119 0
120 0
121 0
122 0
123 0
124 0
125 0
126 0
127 0
128 0
129 0
130 0
131 0
132 0
133 0
134 0
135 0
136 0
137 0
138 0
139 0
140 0
141 0
142 0
143 0
144 0
145 0
146 0
147 0
148 0
149 0
150 0
151 0
152 0
153 0
154 0
155 0
156 0
157 0
158 0
159 0
160 0
161 0
162 0
163 0
164 0
165 0
166 0
167 0
168 0
169 0
170 0
171 0
172 0
173 0
174 0
175 0
176 0
177 0
178 0
179 0
180 0
181 0
182 0
183 0
184 0
185 0
186 0
187 0
188 0
189 0
190 0
191 0
192 0
193 0
194 0
195 0
196 0
197 0
198 0
199 0
200 0
201 0
202 0
203 0
204 0
205 0
206 0
207 0
208 0
209 0
210 0
211 0
212 0
213 0
214 0
215 0
216 0
217 0
218 0
219 0
220 0
221 0
222 0
223 0
224 0
225 0
226 0
227 0
228 0
229 0
230 0
231 0
232 0
233 0
234 0
235 0
236 0
237 0
238 0
239 0
240 0
241 0
242 0
243 0
244 0
245 0
246 0
247 0
248 0
249 0
250 0
251 0
252 0
253 0
254 0
255 0
256 0
257 0
258 0
259 0
260 0
261 0
262 0
263 0
264 0
265 0
266 0
267 0
268 0
269 0
270 0
271 0
272 0
273 0
274 0
275 0
276 0
277 0
278 0
279 0
280 0
281 0
282 0
283 0
284 0
285 0
286 0
287 0
288 0
289 0
290 0
291 0
292 0
293 0
294 0
295 0
296 0
297 0
298 0
299 0
300 0
301 0
302 0
303 0
304 0
305 0
306 0
307 0
308 0
309 0
310 0
311 0
312 0
313 0
314 0
315 0
316 0
317 0
318 0
319 0
320 0
321 0
322 0
323 0
324 0
325 0
326 0
327 0
328 0
329 0
330 0
331 0
332 0
333 0
334 0
335 0
336 0
337 0
338 0
339 0
340 0
341 0
342 0
343 0
344 0
345 0
346 0
347 0
348 0
349 0
350 0
351 0
352 0
353 0
354 0
355 0
356 0
357 0
358 0
359 0
360 0
361 0
362 0
363 0
364 0
Время выполнения программы 566781 мс
-1
T1=130K T2=120K Exp=10
Адатомов: 364/100 Тау=300 секунд
Ср. вр. нап: 131.222сек
Ср. ч-ло ит. нап: 638186
Ср. т-ра после нап: 130K
Ср. вр. отжига: 1000cек
Ср. ч-ло ит. отжига: 910950
Ср. т-ра после отжига: 120.357
