\\\\\\\ 	 Серия 1	 \\\\\\\
НАПЫЛЕНИЕ
Температура после напыления: 130
Время напыления: 131.702
Число итераций напыления: 636638
ОТЖИГ:
Длины цепочек:
15 | 21 | 12 | 18 | 8 | 3 | 9 | 16 | 11 | 2 | 18 | 2 | 24 | 3 | 4 | 16 | 8 | 3 | 15 | 4 | 6 | 9 | 20 | 14 | 12 | 11 | 2 | 8 | 29 | 9 | 1 | 7 | 15 | 9 | 
Температура после отжига: 98.3053
Время отжига: 1004.83
Число итераций отжига: 389047

\\\\\\\ 	 Серия 2	 \\\\\\\
НАПЫЛЕНИЕ
Температура после напыления: 130
Время напыления: 132.465
Число итераций напыления: 630822
ОТЖИГ:
Длины цепочек:
13 | 12 | 10 | 9 | 11 | 11 | 14 | 12 | 3 | 3 | 21 | 15 | 9 | 1 | 9 | 6 | 2 | 4 | 11 | 13 | 10 | 3 | 3 | 20 | 12 | 3 | 5 | 12 | 21 | 16 | 12 | 5 | 16 | 7 | 7 | 13 | 7 | 3 | 
Температура после отжига: 98.3646
Время отжига: 1001.6
Число итераций отжига: 351526

\\\\\\\ 	 Серия 3	 \\\\\\\
НАПЫЛЕНИЕ
Температура после напыления: 130
Время напыления: 132.724
Число итераций напыления: 641299
ОТЖИГ:
Длины цепочек:
3 | 14 | 5 | 14 | 28 | 10 | 7 | 12 | 7 | 5 | 17 | 2 | 5 | 12 | 10 | 13 | 1 | 3 | 9 | 18 | 3 | 4 | 17 | 13 | 9 | 12 | 5 | 17 | 1 | 1 | 18 | 10 | 8 | 11 | 19 | 2 | 6 | 9 | 4 | 
Температура после отжига: 98.3881
Время отжига: 1000.32
Число итераций отжига: 376858

\\\\\\\ 	 Серия 4	 \\\\\\\
НАПЫЛЕНИЕ
Температура после напыления: 130
Время напыления: 135.541
Число итераций напыления: 699383
ОТЖИГ:
Длины цепочек:
17 | 17 | 10 | 3 | 10 | 12 | 16 | 1 | 10 | 5 | 12 | 4 | 23 | 6 | 13 | 5 | 6 | 7 | 24 | 6 | 5 | 12 | 17 | 2 | 15 | 13 | 12 | 16 | 6 | 12 | 3 | 11 | 7 | 10 | 16
Температура после отжига: 98.2233
Время отжига: 1009.32
Число итераций отжига: 340462

\\\\\\\ 	 Серия 5	 \\\\\\\
НАПЫЛЕНИЕ
Температура после напыления: 130
Время напыления: 130.46
Число итераций напыления: 628735
ОТЖИГ:
Длины цепочек:
16 | 25 | 27 | 19 | 2 | 17 | 6 | 14 | 4 | 20 | 18 | 9 | 11 | 9 | 20 | 1 | 8 | 3 | 14 | 25 | 12 | 7 | 6 | 7 | 5 | 12 | 11 | 4 | 8 | 2 | 22
Температура после отжига: 97.7921
Время отжига: 1033.27
Число итераций отжига: 337606

\\\\\\\ 	 Серия 6	 \\\\\\\
НАПЫЛЕНИЕ
Температура после напыления: 130
Время напыления: 138.355
Число итераций напыления: 641569
ОТЖИГ:
Длины цепочек:
24 | 8 | 2 | 15 | 7 | 5 | 16 | 18 | 22 | 4 | 3 | 17 | 21 | 15 | 1 | 13 | 3 | 9 | 21 | 13 | 3 | 8 | 19 | 30 | 4 | 19 | 5 | 7 | 4 | 2 | 18 | 8 | 
Температура после отжига: 98.3794
Время отжига: 1000.79
Число итераций отжига: 365601

\\\\\\\ 	 Серия 7	 \\\\\\\
НАПЫЛЕНИЕ
Температура после напыления: 130
Время напыления: 127.662
Число итераций напыления: 628815
ОТЖИГ:
Длины цепочек:
12 | 4 | 14 | 2 | 2 | 1 | 18 | 11 | 5 | 23 | 18 | 9 | 5 | 10 | 6 | 12 | 7 | 8 | 10 | 5 | 11 | 4 | 15 | 12 | 8 | 8 | 13 | 20 | 11 | 15 | 8 | 9 | 16 | 13 | 13 | 6 | 
Температура после отжига: 98.3929
Время отжига: 1000.06
Число итераций отжига: 364933

\\\\\\\ 	 Серия 8	 \\\\\\\
НАПЫЛЕНИЕ
Температура после напыления: 130
Время напыления: 122.138
Число итераций напыления: 589675
ОТЖИГ:
Длины цепочек:
4 | 12 | 10 | 4 | 7 | 7 | 18 | 11 | 4 | 13 | 12 | 6 | 11 | 14 | 6 | 6 | 4 | 11 | 10 | 7 | 5 | 15 | 4 | 10 | 9 | 10 | 11 | 12 | 19 | 7 | 4 | 2 | 11 | 10 | 19 | 17 | 14 | 8 | 
Температура после отжига: 98.3938
Время отжига: 1000.01
Число итераций отжига: 369357

\\\\\\\ 	 Серия 9	 \\\\\\\
НАПЫЛЕНИЕ
Температура после напыления: 130
Время напыления: 130.106
Число итераций напыления: 680705
ОТЖИГ:
Длины цепочек:
7 | 21 | 9 | 2 | 4 | 13 | 5 | 8 | 15 | 1 | 9 | 13 | 15 | 6 | 8 | 20 | 21 | 12 | 11 | 6 | 2 | 4 | 18 | 7 | 10 | 10 | 15 | 6 | 2 | 23 | 18 | 13 | 18 | 12
Температура после отжига: 98.3845
Время отжига: 1000.52
Число итераций отжига: 368376

\\\\\\\ 	 Серия 10	 \\\\\\\
НАПЫЛЕНИЕ
Температура после напыления: 130
Время напыления: 131.063
Число итераций напыления: 604219
ОТЖИГ:
Длины цепочек:
18 | 4 | 8 | 14 | 5 | 17 | 4 | 15 | 13 | 7 | 19 | 17 | 5 | 10 | 5 | 8 | 13 | 8 | 12 | 3 | 34 | 3 | 31 | 16 | 9 | 1 | 15 | 22 | 11 | 2 | 6 | 9 | 
Температура после отжига: 98.1336
Время отжига: 1014.26
Число итераций отжига: 339306

Среднее число напыленных атомов: 364

(Длина, число отсчетов)
0 0
1 11
2 18
3 20
4 23
5 20
6 18
7 20
8 19
9 20
10 19
11 19
12 26
13 18
14 10
15 15
16 11
17 11
18 14
19 7
20 6
21 7
22 3
23 3
24 3
25 2
26 0
27 1
28 1
29 1
30 1
31 1
32 0
33 0
34 1
35 0
36 0
37 0
38 0
39 0
40 0
41 0
42 0
43 0
44 0
45 0
46 0
47 0
48 0
49 0
50 0
51 0
52 0
53 0
54 0
55 0
56 0
57 0
58 0
59 0
60 0
61 0
62 0
63 0
64 0
65 0
66 0
67 0
68 0
69 0
70 0
71 0
72 0
73 0
74 0
75 0
76 0
77 0
78 0
79 0
80 0
81 0
82 0
83 0
84 0
85 0
86 0
87 0
88 0
89 0
90 0
91 0
92 0
93 0
94 0
95 0
96 0
97 0
98 0
99 0
100 0
101 0
102 0
103 0
104 0
105 0
106 0
107 0
108 0
109 0
110 0
111 0
112 0
113 0
114 0
115 0
116 0
117 0
118 0
119 0
120 0
121 0
122 0
123 0
124 0
125 0
126 0
127 0
128 0
129 0
130 0
131 0
132 0
133 0
134 0
135 0
136 0
137 0
138 0
139 0
140 0
141 0
142 0
143 0
144 0
145 0
146 0
147 0
148 0
149 0
150 0
151 0
152 0
153 0
154 0
155 0
156 0
157 0
158 0
159 0
160 0
161 0
162 0
163 0
164 0
165 0
166 0
167 0
168 0
169 0
170 0
171 0
172 0
173 0
174 0
175 0
176 0
177 0
178 0
179 0
180 0
181 0
182 0
183 0
184 0
185 0
186 0
187 0
188 0
189 0
190 0
191 0
192 0
193 0
194 0
195 0
196 0
197 0
198 0
199 0
200 0
201 0
202 0
203 0
204 0
205 0
206 0
207 0
208 0
209 0
210 0
211 0
212 0
213 0
214 0
215 0
216 0
217 0
218 0
219 0
220 0
221 0
222 0
223 0
224 0
225 0
226 0
227 0
228 0
229 0
230 0
231 0
232 0
233 0
234 0
235 0
236 0
237 0
238 0
239 0
240 0
241 0
242 0
243 0
244 0
245 0
246 0
247 0
248 0
249 0
250 0
251 0
252 0
253 0
254 0
255 0
256 0
257 0
258 0
259 0
260 0
261 0
262 0
263 0
264 0
265 0
266 0
267 0
268 0
269 0
270 0
271 0
272 0
273 0
274 0
275 0
276 0
277 0
278 0
279 0
280 0
281 0
282 0
283 0
284 0
285 0
286 0
287 0
288 0
289 0
290 0
291 0
292 0
293 0
294 0
295 0
296 0
297 0
298 0
299 0
300 0
301 0
302 0
303 0
304 0
305 0
306 0
307 0
308 0
309 0
310 0
311 0
312 0
313 0
314 0
315 0
316 0
317 0
318 0
319 0
320 0
321 0
322 0
323 0
324 0
325 0
326 0
327 0
328 0
329 0
330 0
331 0
332 0
333 0
334 0
335 0
336 0
337 0
338 0
339 0
340 0
341 0
342 0
343 0
344 0
345 0
346 0
347 0
348 0
349 0
350 0
351 0
352 0
353 0
354 0
355 0
356 0
357 0
358 0
359 0
360 0
361 0
362 0
363 0
364 0
Время выполнения программы 229676 мс
-1
T1=130K T2=80K Exp=10
Адатомов: 364/100 Тау=1000 секунд
Ср. вр. нап: 131.222сек
Ср. ч-ло ит. нап: 638186
Ср. т-ра после нап: 130K
Ср. вр. отжига: 1006.5cек
Ср. ч-ло ит. отжига: 360307
Ср. т-ра после отжига: 98.2758
